2.9129549403353634,6.101573246306717,2.958853012927971
8.50617371630177,17.114079219345435,7.958231457854181
18.238403708820915,24.349715940392603,34.93466297827833
11.827963546583682,-3.1711179657749566,42.88273888840923
-0.20489216683784772,-7.785100665457708,30.211281950856833
-4.780618172640459,-7.44095501020854,25.089730135876277
-6.956170106113219,-9.00711029642893,23.493605237118686
-9.070158310354024,-11.109099255220709,25.222671699742417
-10.432217997936997,-10.773741387990961,29.11576113201426
-9.531602756839419,-7.620341952611291,30.525840900334565
-7.459490886087295,-5.638889632079803,28.128975635799176
-6.364565805643428,-6.070789846292779,24.921689423662297
-6.857486375827039,-8.084059580394714,23.099227839473723
-8.612280154602175,-10.706257169761681,24.130573635522175
-10.39597683573798,-11.44079075358588,28.123600245434986
-10.103997896443104,-8.505251630333191,30.847993406383882
-7.940815176218744,-5.716563309291181,29.097038996680574
-6.35836291826746,-5.571491054910133,25.627503374191647
-6.42335765542684,-7.302994721741732,23.11846033024578
-7.975551787958706,-10.072513003931137,23.19213831410508
-10.10491309819443,-11.854065458474437,26.783005138431086
-10.608074007736674,-9.640912143938072,30.781528965119954
-8.59367601798988,-6.065269876859911,30.125861561610776
-6.512011273303596,-5.154237945394537,26.565286187348914
-6.059226801665711,-6.493302493249913,23.414811926725516
-7.277980211289796,-9.199742758224376,22.471348072250873
-9.554177535813546,-11.855723819349313,25.19016313967892
-10.928505658022521,-10.91610719046758,30.120443545043923
-9.409138395732551,-6.8074910076472595,31.098666105987295
-6.882923436910898,-4.883675809228191,27.749897636540545
-5.81297943505379,-5.693866376468332,24.029257187636762
-6.570810115722454,-8.14782758694242,22.07407397906948
-8.758909422070028,-11.344714763981324,23.54622399736438
-10.916914053404874,-12.07295330849146,28.70182740932543
-10.315926965153377,-8.07305021128279,31.77610700120083
-7.5394368812619685,-4.8760434172331575,29.177334682278488
-5.750747956657528,-4.949857926693704,25.006503764759515
-5.915732920631259,-6.993359698635151,22.09190412487679
-7.779280237537216,-10.318098078954142,22.11161848494071
-10.441537037911427,-12.71617025377537,26.538760555524227
-11.13256243003833,-9.895571702800943,31.733818509402624
-8.543104315484403,-5.342633501411113,30.777983576074394
-5.970337332270951,-4.329112804254871,26.39917193108424
-5.388571168815071,-5.8157903133961035,22.60518565999065
-6.713755112003845,-8.88245868878794,21.14745411896203
-9.456295788802796,-12.454729036722908,23.94931117379409
-11.53407463983669,-11.9822038250989,30.403212957476896
-9.883657764930092,-6.629969877819719,32.28616637692815
-6.618306704969141,-3.9705148974257867,28.26350985581357
-5.094178477365531,-4.689972732295736,23.696892953573133
-5.685475883275963,-7.218470358929333,20.865946300784724
-8.055154843354456,-11.140591454826842,21.533552007209142
-11.124707385745179,-13.482448419346921,27.43791215713864
-11.316738359578851,-9.110400191264803,32.95447812243293
-7.88943436182016,-4.209622063640449,30.605664134425776
-5.20387615207705,-3.702707213563523,25.476856943246265
-4.837336334107746,-5.517840458464951,21.423296377605723
-6.462106727280087,-9.006075187028358,19.94486933954327
-9.694769836036937,-13.265541153156127,23.38580084913086
-12.129047537761448,-12.496038983310507,31.3153743106063
-9.904425853235265,-5.826213763620028,33.093705443652745
-6.02996623664349,-3.05389387010708,28.108821286606155
-4.3634806424255,-3.930062536512883,22.967670964817454
-4.960835803439974,-6.536296291122408,19.642758162649802
-7.493241849528888,-10.942309340556422,19.80580915464169
-11.263285269376954,-14.61039287934876,26.268097158030166
-12.148170619852854,-9.96682680556424,33.98110025561446
-8.095963891521365,-3.4778939905621975,31.72933683499494
-4.64016842414172,-2.5863001023713807,25.74676239709474
-3.852872638830552,-4.183515197397982,20.878429114692672
-5.149856425547212,-7.422101903647651,18.212781595927275
-8.435822178992545,-12.6359453788902,19.978045889197517
-12.443113103720442,-15.091399089239884,29.054697327420715
-11.61725697182139,-7.410399226953685,35.18287954618063
-6.5765727902777575,-2.0372896564544263,30.26950066767289
-3.6129631340820314,-2.1693852967123526,23.963838502059097
-3.3150693167550647,-4.013814665862834,19.224106189778666
-4.940503574129025,-7.558685649442634,16.761487265305714
-8.692098966030066,-13.491878548792,19.19940605692707
-13.169177585098357,-15.832882279091866,30.159378259205354
-11.588535143230057,-6.197529365527909,36.157246221598946
-5.766608150825776,-0.9313019392681325,29.90835846497642
-2.731546919060054,-1.2935481818361623,23.218857487660454
-2.351777701110627,-2.8469591002689123,18.20501680177923
-3.629614252302516,-5.769608352840895,15.034029976830482
-6.9531347062023885,-11.62217950315793,15.51813297658188
-12.530792552048299,-17.92418361797667,25.376150993772068
-13.771952492138622,-9.589772243647653,37.883957238464816
-6.984538139093227,-0.08504185246134388,32.79095114115427
-2.2270774580443136,0.4692555750813913,24.94045555018008
-0.8075133344603058,-0.2907788509661541,19.087536385201588
-0.7388548323882916,-1.0200074137948492,14.660139040488565
-1.3517840362707574,-2.362450046318618,11.377460015760718
-3.051050634537239,-5.680378036552906,9.465405638190335
-7.296501865843646,-13.519037614158504,11.546259572175032
-14.84244861176336,-21.62455693008495,27.659016614765175
-14.079744691269097,-5.168710106131082,41.829726862184195
-4.110592949705529,3.877081135895411,31.762450341313414
0.9310850807314572,3.7573808045679815,23.962829390656772
2.98213871959214,4.7853422455317975,19.120349920908186
5.272317917231333,8.311319183669097,16.989149624546453
9.316692313758532,14.206595527215022,20.361827879195353
13.347152212234072,14.9539407079626,31.68863131451423
10.816134047354849,5.084313391836094,35.55590262351621
5.261334859496113,0.9888640775540368,28.934940147080507
2.707163965584276,1.6313700829832503,22.527806471316232
2.6223957727544476,3.3905331129945533,17.798276649791777
4.232468343595934,6.794641935460118,15.117466075749046
8.053800537372881,13.196913373562191,16.97632976693065
13.439903229914483,17.484089882042806,28.850213809205982
12.561010624835426,6.714737382464078,37.69199373298365
5.730954404126369,-0.14760962307429998,30.899882922544037
1.946378530601119,-0.021796124151039993,23.57953731580546
1.0289407379503266,0.8710345513697179,18.105737687540167
1.3340749221442127,2.075249821715053,14.011464102673019
2.649071147039058,4.700948708276008,11.303920239901256
5.962298631185848,10.870300442994278,11.541062958534596
12.589256059242889,20.05377711546993,22.106669948299867
15.50354635404576,11.117177472187858,40.4244940289866
6.862046566694444,-2.2179904563558663,34.44282046431682
0.6487403249033692,-2.9385230399906805,25.591730785668233
-1.6030116475726617,-3.110845063703824,19.78090965737765
-3.2017020909036997,-5.190983632513674,16.01728774338125
-6.10666997232773,-10.156748735943733,15.36549956156865
-11.287073643456822,-16.986094967812523,22.590260928851244
-14.206812227459322,-12.452997416474226,36.35313396151959
-8.537955586456619,-1.3396523890996657,34.406373073478015
-3.0865545392971017,0.29527277227552456,26.408110039725184
-1.2412226526821206,-0.5393399154810186,20.234955296079907
-1.1552909913339686,-1.5635677477533088,15.599525121514862
-2.0402444212828974,-3.4912694696784907,12.288739394519084
-4.431309676096805,-8.049157593669003,11.006553811967722
-9.840252269200855,-17.01789089305286,16.38044439673438
-15.9194829725071,-17.645195054068832,35.54218868493526
-10.428559206854883,-0.5565126475812079,38.25281156636596
-2.345948907243773,2.9860454772779583,28.380256627380543
0.8989556335573807,2.744184732167581,21.640679385942303
2.411346842814596,3.9583291957243514,17.071325358031324
4.56744834362389,7.590897038066692,14.811605160856494
8.865399764981078,14.425685905959503,17.901351633936333
14.048892317937238,16.908791292200352,31.316284389849404
11.6055930938247,4.743071976416956,37.35237536106979
4.795104582870482,-0.46442588607529794,29.635445665302093
1.5624117383134997,-0.025204824899923914,22.60076464019096
0.8611227736742288,0.7927100707282622,17.344722176203074
1.1874565237360168,1.8977051245161347,13.399004591485381
2.4316521779792546,4.372576609676407,10.74344573944928
5.598665747953778,10.34471802326796,10.762066791297602
12.227563252666199,20.0560833490582,20.667904904410996
15.95581840782573,12.33417334054543,40.46221783626975
7.261616382266449,-2.393637283179706,35.183769134780576
0.5628565174733137,-3.3470723318220896,26.037059092495696
-1.9031951433907135,-3.565379638087441,20.210461094626677
-3.66580877547893,-5.847535207332749,16.61923470776316
-6.782060851446769,-11.014339176824583,16.570202289073535
-11.829591798864964,-16.844504233509348,24.72713924519082
-13.54568716420428,-10.658515927463402,36.47243884854242
-7.795988549501002,-1.3492237425193367,33.101884013546
-3.1262973434110948,-0.37113397998908243,25.582831623733114
-1.7530091818711186,-1.4432318744677826,19.75647046709745
-2.1345375955288732,-3.1612287205517395,15.501819879640161
-3.9544477166750625,-6.748652232436262,13.15898182048233
-8.17996060405164,-13.966683858356534,15.59410926260792
-14.274520017540109,-18.672482061730467,29.80165450577163
-12.623336865650215,-5.250104878800783,38.935088231499236
-4.766778641311315,1.5204070062717265,30.62089410698517
-0.811440544567286,1.285636936186758,23.13242149664833
0.4232789040822049,1.160488791008393,17.710844514157134
1.1378241955697808,1.9914915698263345,13.673175216253634
2.4478121635316326,4.409768485244547,10.961254026702678
5.614895836115465,10.339247029489462,10.946436292853983
12.189346228594601,19.933041701223864,20.74204950077658
15.891531048118038,12.361244844505432,40.29453166374032
7.323051459523519,-2.2439107188143272,35.16863743876672
0.6654749714638679,-3.22745937966687,26.0389036476079
-1.7775879977737772,-3.4033299030866746,20.16865492163206
-3.4815966981359967,-5.580344981593651,16.475201059254346
-6.499565162828017,-10.639278456674052,16.140459761384605
-11.584996054660591,-16.872537426137544,23.847625713141305
-13.80581009400249,-11.413256618529097,36.38080994795025
-8.128065278227664,-1.4085187469506768,33.633434383007824
-3.157035225164714,-0.1518567809633763,25.948992952675965
-1.5966447718750838,-1.1366081273783764,19.981780549908017
-1.8080898762348026,-2.617674427384494,15.566596388731279
-3.3093441894853375,-5.658141108046079,12.822108837304514
-6.982554112156692,-12.224741427348707,13.815290407158102
-13.34150472122719,-19.438260584408596,25.805660139457807
-14.138569972696777,-8.339488450053201,39.660647821484694
-6.006466430008275,1.5469975528461557,32.58814904458571
-1.0070555886829782,1.7793179097535918,24.46460897175405
0.6626372492621969,1.6749574578334832,18.737915353685118
1.6409063241813473,2.8015075662028615,14.577859208520723
3.3952082825737673,5.982644594189773,12.110720876862901
7.393087262008699,13.05638478917758,13.74502503357361
14.010526556343036,19.845941051082082,27.4228974521545
13.729743901117505,6.654782827063574,40.08912442711805
5.174574113139949,-2.1377175851280357,31.81027543812079
0.46920729226032093,-2.117648071343369,23.895540629003467
-1.1669969186738016,-2.3072386064695856,18.39702578803104
-2.443575164898455,-4.095843170797007,14.590977242905844
-4.959187370530226,-8.610865082146898,13.197553654632301
-10.127414359365849,-16.62003399323842,18.64361360588327
-15.10870546758055,-15.922557054329705,35.19581189203793
-10.065518795980823,-1.5728050019588928,36.90100202212645
-3.06910594607603,1.5962457399390497,27.965480748728147
-0.3016006720620549,1.1070672497055618,21.249585475057117
0.586510664869225,1.2245568663646171,16.297851645214656
1.3385714144050829,2.348866696748974,12.631243713210717
2.947433302967261,5.3866130909971,10.379800559729816
6.852769253171032,12.572356689227213,11.75151951409542
14.039076959513455,21.084500221347277,25.723761812352524
14.615601149121686,7.251126209402621,41.45065206186799
5.096155162396378,-3.2064654428828496,32.595344922800024
-0.26338164765219585,-3.2637182540642544,24.411832541612416
-2.295027348722902,-3.90017334751427,19.139845736317707
-4.237376389827548,-6.802138937907698,16.171897825108665
-7.871786091806642,-12.6623350287671,17.570745192997943
-12.927111451028974,-16.905202324633205,28.10084975874805
-12.587941838153599,-7.647279862780351,36.99560436792761
-6.32566596560041,-0.6190341009446871,31.195698390959894
-2.56052399547265,-0.5800824978168392,24.02097107909817
-1.7264028882963711,-1.7780900816374965,18.592495439655867
-2.4277468715396426,-3.793786535079037,14.724268757431304
-4.712358588520235,-8.137445487450462,13.101194849240764
-9.669810517002006,-16.06253957517382,17.792286518544316
-15.038371458537219,-16.785181744145124,34.118580448798525
-10.670804909707336,-2.2341410305373284,37.493397450060044
-3.3930043206680622,1.6352072741066634,28.54136656362619
-0.3767620981435829,1.1700371554822735,21.660242571412976
0.5848232334878082,1.2529607197818449,16.610250379637485
1.3491530746727425,2.3596534621356136,12.873148281798914
2.94886181997832,5.367444742065787,10.566559925160558
6.812864067727779,12.465231002442682,11.853293821318356
13.929409446288846,20.95639652430163,25.5363611699875
14.646462490582067,7.509955230264783,41.32816069917124
5.234271570298011,-3.0716507243160573,32.68525583771423
-0.14695486204519634,-3.160675518669278,24.462262656629232
-2.1663433820359304,-3.732325876940724,19.12649901740048
-4.041488912128854,-6.5116602908778685,16.02473298788922
-7.576050336118999,-12.29754753450799,17.06601289582889
-12.757200526569495,-17.149730337717568,27.248088022538653
-12.93076353751095,-8.303308399505386,37.166435010257835
-6.594486512671562,-0.5846151558188153,31.691046882325733
-2.5563785247917754,-0.37001266150148804,24.352659273952515
-1.5623298996331052,-1.4734490948610501,18.795047702614124
-2.09036914020691,-3.225340835919199,14.752511833317001
-4.038130129320984,-7.004853980862355,12.636375658125429
-8.513186874267719,-14.609122416906008,15.644547462790923
-14.693804114415324,-18.680323440510122,31.0218687929104
-12.223474199748713,-4.147960900391376,38.972009446669766
-4.208836221784062,1.894241365159859,30.103638011840744
-0.4233501844538197,1.5873304965216193,22.74741380737361
0.8411165625783356,1.7258632882738427,17.46904912450447
1.847114665384717,3.167172816606011,13.664239820355222
3.9040769337733994,6.963228562610102,11.710723901221115
8.552189543713155,14.944410005226825,14.963157167997506
15.071892818102988,19.21359673416223,31.477265528511133
12.209654095397248,3.437042498827559,39.45138405492803
3.7619942960391044,-2.5063129270374516,30.013855949579288
-0.1143211924702566,-2.220443438816052,22.686121673378672
-1.5709626357284063,-2.776920424554369,17.579602052827394
-3.1047112262999867,-5.209768885921862,14.267996464257203
-6.295974780362383,-10.826859395277058,14.193070036244578
-12.08138013529194,-18.283136732048746,23.250536008636967
-14.53995503476964,-11.258523827883609,38.16817367620713
-7.571678447136546,0.18703921256413109,33.991805254919626
-2.0592177507641494,1.182262994946319,25.65044378775097
-0.22490106090331602,0.6591722666785609,19.569629231672465
0.32221884163173287,0.711435157769767,14.994715084158308
0.7860745727007215,1.4161388018051537,11.535652690015763
1.8069402306230857,3.37966528370876,9.09891215569492
4.441635327517735,8.51024390136913,8.548347167355416
10.679153683204289,19.02725171087181,15.828124479750553
17.027863387541828,17.07003034321108,38.94568478811128
9.104105287409997,-2.3182914561975547,37.990452713987324
0.6315505179328501,-4.5402804630697835,27.692119584970513
-2.5999326823240514,-4.688965766090132,21.725492817407034
-4.676052507570734,-7.105102881071521,18.51579093984131
-7.905440219783345,-11.97807852089186,19.480117536917778
-12.056786765353147,-15.287722948803948,27.722420602476227
-12.063402031676562,-8.547788518725191,35.12124796624665
-7.16053624169452,-2.332495169295194,31.065028351368724
-3.8415493262453393,-2.0733842381717786,24.66719334499914
-3.287256649013273,-3.776829125786948,19.732606642591875
-4.6988038549902855,-7.078000582315061,16.95547134438622
-8.197253738564703,-12.789441648327758,18.63486207363151
-12.81567597444938,-16.140749926368336,28.76899607771795
-12.109789950524434,-7.341438299788963,36.26115052410744
-6.330401623663002,-1.155580772070336,30.692189120642652
-2.9495259204335724,-1.2351828558368059,23.86763439936784
-2.373051184154788,-2.7267952006482625,18.699054852553544
-3.513443880939266,-5.49763697941484,15.343608168440246
-6.63477955780231,-11.061735557061285,15.398137981984242
-12.087609660490667,-17.659995718406606,24.28644942752626
-13.997571738782295,-10.676494162906701,37.45741036834715
-7.542203990221861,-0.47470364301698525,33.40198077900131
-2.5157595626001537,0.4210834188139243,25.462325264375266
-0.9522822409137581,-0.37727776426275306,19.492600551377624
-0.883404010180087,-1.2146816316778326,14.988388860837695
-1.5992407954894627,-2.7756349636697975,11.68870683293496
-3.5636463282939346,-6.581081253587307,9.979515764577382
-8.31389474184355,-15.055468707057125,13.253934214289398
-15.556222446294369,-20.548260950446522,31.29418178448841
-12.58375089658531,-2.7682377142338144,40.60115623408218
-3.223322307580792,3.6074684789457065,30.285299087937325
1.0083994235756766,3.3899078650075145,22.98989407813379
2.8358745292130063,4.566767961996348,18.299996269564375
5.132895364851612,8.252729639950033,16.226940816179077
9.359713941893252,14.546685431801723,19.81497048759263
13.67614262108402,15.37847944737915,32.07335769605673
10.857401520552793,4.611938924647874,36.02060485966678
4.929645889828853,0.46158191794569003,28.901736656282818
2.2615300667853595,1.0947069343756746,22.314372649058917
2.029272844575215,2.5670559237755697,17.406430650519766
3.28293468813117,5.348401049776304,14.221456034027627
6.532345789766564,11.180526648403616,14.40699199202944
12.360320063293035,18.40298532732942,24.04026429690954
14.346927399845386,10.504203972053835,38.374059325309865
7.2243625585632945,-0.3387194931902457,33.54161164882474
1.9444795809295408,-1.1090939003125353,25.320874872316693
0.2299844896840041,-0.5856245440961979,19.32663770199958
-0.2666083618922044,-0.6104148458217791,14.806140580252372
-0.6695088908600785,-1.212863397324042,11.377241690455527
-1.550246478740215,-2.9094610266844807,8.90788421487075
-3.8432207644110346,-7.413768580943258,8.003096113018586
-9.513245938240079,-17.48838161285892,13.437721485312093
-16.96611232905443,-19.84816910494995,36.09017035622073
-10.730415281105515,1.0803776073808546,39.83817740522065
-1.2570278064249885,4.838889990142771,28.8614815748526
2.5074672916651495,4.806563633454133,22.524202098357204
4.615091164455363,6.942295537338208,19.08996638639723
7.660319533699218,11.494321584714186,19.607273165721907
11.674915554190987,15.011900622490439,26.982240558232004
12.142792661469189,9.270367995542367,34.63570968651571
7.616075824144829,2.8481182544461343,31.42118819205902
4.209553166239557,2.299616135976074,25.182638697669002
3.546697247564327,3.967850909110722,20.26657567762549
4.913538701908729,7.254515322473589,17.54058677432006
8.326544609500196,12.748878553487767,19.284134331118985
12.657724978798482,15.641875559007765,28.95911344469669
11.863590637923414,7.337499027677752,35.756506572968796
6.428660781609963,1.5610855764301919,30.472147431296175
3.2533125879030393,1.6751438320176626,23.88371479909965
2.817490172443037,3.345962696309649,18.905365209319076
4.209297772894792,6.533131496632808,15.952354315765318
7.712938715998083,12.462138008649676,17.18192136549974
12.86891607229733,17.121486708902395,27.616022794443783
12.81121146458453,7.984369901273878,37.177947594233466
6.44461127131892,0.5259424899268226,31.486148443765604
2.503643683165653,0.3948965076648879,24.191353519456932
1.5626656997638868,1.5092416213926836,18.67508707467689
2.123002874241758,3.2934045760732142,14.672251937264138
4.120600271880797,7.156336616729643,12.629837928973453
8.679621720040679,14.852623741572867,15.879228640046723
14.79560149349839,18.494585595977554,31.536978589724683
12.002074880602583,3.7832694464238763,38.81740523534099
4.047994814555824,-1.9072022032517475,29.865690402612657
0.3732089851779261,-1.5730000704926734,22.582069815898166
-0.8601450557793808,-1.7385196087107018,17.34660407661031
-1.8746803813380541,-3.21701190166668,13.578777221085506
-3.970763100058508,-7.0890881927393785,11.687804024221165
-8.69556309008253,-15.164091200042837,15.151124365813272
-15.167122157749375,-19.05516672461082,31.9392164400093
-12.013059190856312,-3.112266461001487,39.313407956724674
-3.6171373743330526,2.525979664227315,29.814780654814175
0.169054058096266,2.227271618700688,22.552427672200796
1.609422284854799,2.8243086904155015,17.48856428813005
3.171675223903149,5.325281825396109,14.232855183711367
6.432643089203963,11.049301042992736,14.310232659208033
12.255932151444316,18.372719648977284,23.728467814410124
14.429755015207409,10.794264812521428,38.31532921313608
7.35324517630142,-0.2946723763038281,33.7182010758637
1.9796209638655495,-1.147669979026875,25.44654395750941
0.21701661178769782,-0.6284497039873416,19.419173212988895
-0.3055202393601611,-0.6771927473482167,14.878832413173622
-0.7491742842703268,-1.3525497338850405,11.442211794870236
-1.7281198959419555,-3.237917593820212,9.00474765032769
-4.264122562017842,-8.191820385221746,8.351497123323858
-10.353956939324116,-18.63395473862417,15.098888288355381
-17.06572456988757,-17.91035273973559,38.262695185609324
-9.540474471926146,2.0550042296792093,38.51326244595913
-0.7744239628609586,4.645247555683276,28.00996536719315
2.598237672707848,4.743486610667747,21.956123730771537
4.685296078620014,7.091189606306835,18.703144414833016
7.866705756829327,11.87001353485,19.576508738690052
11.959740323525041,15.179974388896795,27.586413373043243
12.054532159138978,8.696763007104202,34.96831341283857
7.26585319562263,2.484511063675264,31.114208292971558
3.952473582278778,2.1706928404513057,24.779601468575756
3.390533403176004,3.8827423882527143,19.874998931095483
4.814585735368872,7.212116034471895,17.158153127867575
8.315117731786835,12.870973460548552,18.963401297064326
12.805520926068347,15.911623334931402,29.035468046553333
11.945655104916145,7.181779398262936,36.05819591131335
6.290905158337202,1.2812734888197346,30.498853509439595
3.038479310787107,1.4172874154183541,23.78211638205095
2.546746366387591,2.991982470271517,18.706975135080594
3.810637350897017,5.9594284995320495,15.531830275136613
7.129213007076947,11.748834971284642,16.117730047516268
12.523467579431395,17.57589369038948,25.876793517246895
13.495491791836011,9.320450782180643,37.51383537156241
6.963914047014492,0.39279076723825024,32.491289866307845
2.441883199284564,-0.09996749555027049,24.833577433655556
1.1637965737379878,0.8096553001782757,19.063694205157915
1.3431071718603989,1.993918814223992,14.745272718912116
2.550893808548511,4.455968208356754,11.825663320194149
5.632023297670716,10.207536717908038,11.634221773759002
11.94923115225684,19.36837523453719,20.816545166166325
15.67242300390818,12.688717194435354,39.52410187543386
7.671160892079135,-1.5889723444933885,35.22897784271162
1.1155861631253758,-2.760873248352255,26.148136458032848
-1.2634073169563966,-2.74980713724006,20.101521109538563
-2.7185069531846393,-4.444786339831586,16.0222896794753
-5.244176486656635,-8.82413762655444,14.550980008039057
-10.15212033508741,-16.129516163528,19.79026825948457
-14.55579241170037,-15.121947888600076,34.60949243696004
-9.998687996286662,-2.371503649391733,36.183553100716736
-3.61291286955854,0.7144368564376236,27.88054912442078
-1.0951315307248448,0.0575600442093172,21.26841045566968
-0.6151190683848322,-0.6057807126925113,16.30750275487628
-0.9020894211512049,-1.4852936976808717,12.556243458376192
-1.9190490669379812,-3.512232053637923,9.915411265687071
-4.571758887143889,-8.638360163476477,9.273994376513158
-10.714489685564828,-18.819244026561236,16.482418916145733
-16.74700266073899,-16.663852189160085,38.612056139033214
-9.122238265709624,1.8495696140468485,37.710439408425984
-0.9312825925557211,4.098997361305038,27.582549418647428
2.195423060163216,4.182109665118666,21.461353959645407
4.140784359621935,6.412445216513496,17.905162715002888
7.24977036128072,11.32153566156433,18.141983392667665
11.802956457544282,15.954031859600418,26.00821697051089
12.815430813180292,9.860696952967203,35.571064610227765
7.676147612798084,2.111254606499807,32.217115238280684
3.67182489431523,1.361164303508017,25.335043764563313
2.674918129090395,2.7594162193057565,19.916333969364477
3.6106765567055232,5.4110073057896875,16.33340103892962
6.490789557722358,10.58963550317756,16.01381142878941
11.584358746404513,16.923245235312578,23.738043527904928
13.859157067711488,11.482996967373394,36.435336527641496
8.141150611520649,1.3548849845597362,33.7000243608894
3.1192252715816324,0.08052369242402943,25.97014439415705
1.5312363190541953,1.0426986975309709,19.980497225981647
1.7012810398665725,2.450636472074055,15.5345416241308
3.10944618249242,5.3244538108054265,12.69172729330246
6.60611413560752,11.652295603020036,13.28984448747246
12.965849129709769,19.475109052287895,24.456080507230194
14.578971751035564,9.493133279227042,39.69475460592351
6.466116457081465,-1.513079997994689,33.279075723317
1.0848196329554078,-1.9658373108081397,24.923204656556354
-0.750957816497821,-1.8649698715298502,19.09274864145056
-1.8212584358388804,-3.0837105600282397,14.90266703221579
-3.7163145212601254,-6.4930549698797995,12.549070821114624
-7.931081498312206,-13.776042355879474,14.776036431303055
-14.320731814951914,-19.267714072704702,29.17791876621188
-12.993581265460637,-5.464226275383395,39.500324088037644
-4.756169171610374,1.912620505711694,30.96893849085352
-0.5382334777365703,1.737006322775121,23.340662158924122
0.8774736084829549,1.8375975696386002,17.923767529749266
1.9340476317606738,3.2941496483096726,14.040767340484514
4.034028579999388,7.139087603552603,12.086091308092335
8.704731474331687,15.059658244836534,15.48229060537263
15.020895787148865,18.800256372750088,31.820701809617415
11.988122832113628,3.3617502072653074,39.09205636347757
3.7832485237981515,-2.2678657162303417,29.812553536409265
0.05391261828587441,-1.9512662592349077,22.542167060819928
-1.2971820428774377,-2.371877664063051,17.40062290026233
-2.636062914852415,-4.464532548675338,13.906031711094213
-5.453516095641952,-9.541880547480545,13.090585410695192
-11.069422689746965,-17.778063556538747,20.273848344750064
-15.203830751432816,-14.072548497114742,37.214035802324375
-8.84460835857425,-0.2573543307975761,35.771546436436765
-2.330534324420241,1.7314666083756434,26.877710068254416
0.05423963968875683,1.3008211304875283,20.468409704610497
0.9442520526946759,1.7286960647426581,15.749956436800469
1.9973372971367351,3.494190214304899,12.39220270905627
4.388088260961339,7.971949916082751,11.056008720208181
9.744979571449585,16.870931888708885,16.26375772334883
15.873410405169563,17.79442261496458,35.26774853139741
10.560365253525642,0.7387558650077575,38.355499665972395
2.4413406565824247,-2.953542875607735,28.488370467679427
-0.8421988123350889,-2.6996063869233407,21.7069390098328
-2.344849269554172,-3.8619885390061155,17.09491401877836
-4.451330455259056,-7.405599193608927,14.74236946237793
-8.679275236948047,-14.200111648227336,17.567956306307728
-13.981876902444672,-17.166464107879797,30.822122280797423
-11.842925606500062,-5.080573259024939,37.55019410789746
-4.938367483001529,0.4969577846854091,29.909119449718695
-1.5672925414865868,0.11453090220059692,22.79087925757056
-0.7955424394269821,-0.6663736767778871,17.479370993148947
-1.0451550214411753,-1.6498753313583454,13.475896866016734
-2.122511436724308,-3.813538317065965,10.687805072926896
-4.908762561725667,-9.134356983415605,10.13022465348235
-11.114063380647249,-19.024393547258732,17.918482810794252
-16.411204618760053,-15.346736839548313,38.97317259992836
-8.652934793754534,1.719550395401703,36.8750384217691
-1.0330085294758757,3.598710242563408,27.117527186824923
1.8379191691209087,3.6558815601918093,20.98438569208051
3.6233378653410506,5.726482876807898,17.191799127078976
6.5834279050590165,10.589211729979125,16.795799845326766
11.432491857820542,16.41053174000199,24.084288280961786
13.54167725657531,11.384082956385877,35.807441032054605
8.27044001055248,1.9215625001733099,33.45242497125808
3.5091222637928747,0.6009300663404878,26.049531517847566
2.0411025404123553,1.7074272494452973,20.189133469452536
2.4698441339146733,3.6141019081081383,15.960160870084351
4.480716502042787,7.536700397206544,13.880257580348134
8.953798655859517,14.837512581143738,17.287041621222848
14.451999774031968,17.380387469569648,31.8767194374244
11.573369202087198,4.025273412593012,37.83406926038202
4.335767323868499,-1.0889501724295636,29.505909721715533
1.0167493173076583,-0.6584040747257137,22.39756653425978
0.1283330414140011,-0.26316388832943427,17.136220819619137
-0.10111490476247381,-0.25406137398601875,13.125314102737715
-0.2804198413841298,-0.5241128999173368,10.059450676136157
-0.6814633579908329,-1.3078783917385601,7.742025016480677
-1.7642892118120739,-3.4920835970506725,6.176838313284763
-4.764409182179338,-9.502980541076358,6.526401679766851
-12.075670331470562,-21.654130284924854,16.823950138154924
-17.678790865512003,-14.174965191124803,42.966921732132896
-6.970053181302051,5.076760016008765,36.606601601738426
1.1881376241019301,5.861721512033323,26.989826833930564
4.23598393097869,6.446592679561252,22.24534354124561
6.595384756614557,9.349710421740763,20.794388447356706
9.74987233569725,12.995353034979226,24.188811203308674
11.784902775957717,11.856547253658082,31.202642549107328
9.633621143966634,5.9499657216110045,32.431835101454006
6.18705947554541,3.5699275810379643,27.829832093510234
4.7755261199797205,4.520139231019082,23.100865501928745
5.522032193588504,7.223601190071459,20.253338968475916
8.100649916040028,11.44237937032969,21.114086470396
11.409427563555857,13.898669389790793,27.688031084439174
11.455094529006049,8.850001995475987,33.514642786495386
7.643224200202286,3.7040502474895924,30.630121494526907
4.844179311164493,3.3310395433070585,25.160640785898718
4.493480057400066,5.200912534215931,20.90816733010165
6.1632206483226994,8.792259938111743,19.220036239457627
9.59324481463034,13.50736964924189,22.622205150713032
12.436386857471192,13.120580794672238,31.39106222930688
10.161259061300974,5.704605412532634,33.723398713110676
5.874957636556887,2.5579184406316635,28.366969975946496
3.9679363463893083,3.363465470956286,22.86128872164682
4.406812388720397,5.823735704615739,19.11575642852943
6.816551223022165,10.242373092515143,18.55713499823898
10.904135512082242,15.036324801645465,24.491122219515027
12.803988184067226,11.412627649586444,34.07588394356031
8.73201196458576,3.4504973963235264,32.96310455355913
4.551290635555547,1.870520995506677,26.513113933997122
3.2657627513416045,3.1747257277620964,21.07950372258957
4.118775423134659,5.900487648328925,17.552925285650733
6.956774083746425,10.919175458831567,17.49912237152451
11.61897323045801,16.165199631864134,25.064735903417187
13.167294175256009,10.60981027573677,35.666302782505426
7.982710713106338,2.0575298374506983,32.81738594939965
3.6216098527231226,1.0233716179866565,25.703350906658017
2.3972524802052497,2.281756133198712,20.06821841269063
3.0967515256030507,4.598643683128227,16.15995331749434
5.599647148030097,9.276225381959105,14.974584389656757
10.555871509511222,16.40065406912227,20.86168909323032
14.41061705958957,14.137453628625563,35.232113766179054
9.475513585825277,2.0602691660257544,35.486386488603465
3.4843389726010123,-0.4575444516099727,27.349073671963783
1.244315638117928,0.2885540662978067,20.915816547680347
0.9564635398478629,1.171952746738145,16.082973453822273
1.5801419420258094,2.660925792742193,12.522418313758768
3.3957754243210854,6.183880793910386,10.526762489355505
7.794189541073902,14.084897137581043,12.997873242944294
14.942335729157664,20.671448669627953,29.264464164470784
13.315295878426966,4.474419902539602,40.82282853849458
4.012966326601123,-3.233078822867367,31.061084046791727
-0.5331440612494666,-3.0578242631809665,23.432297106509285
-2.3373829237568984,-3.896343498235439,18.412297313051532
-4.335209270846269,-7.042847772869059,15.67826762978585
-8.185133258938356,-13.237415571889526,17.60628833634745
-13.328463762220926,-17.02181030053259,29.13228760348507
-12.318127155296956,-6.67142103288125,37.23887642911126
-5.802060365774035,-0.20861310906094843,30.682967341791112
-2.210483424999211,-0.37510116806611477,23.527019238997063
-1.438332780721325,-1.470056610071074,18.148381851997446
-2.0414649666612243,-3.2274410767148667,14.241411176670464
-4.049615612011982,-7.10124507049267,12.249687682207274
-8.659701558763876,-14.939139199146547,15.546967885244207
-14.929880996954601,-18.75356517507603,31.614127449332706
-12.045386644201846,-3.5734440030874013,39.048500587390535
-3.9004572994735134,2.1563499644618727,29.882460022380524
-0.16252572932497794,1.8386845773522171,22.58926531359792
1.1590165533814614,2.1746498015046636,17.406250014918722
2.3970635130360876,4.073701967141464,13.810259222737892
4.994329625195464,8.796992525295893,12.620604689645155
10.398059436250767,17.174597221048966,18.648081374356295
15.382000578356951,15.711487977288957,36.09585841463562
9.710709199539949,0.816909132722998,36.83463908397668
2.6199673497616685,-1.9818917154429307,27.66955300820746
-0.12037181438362896,-1.5761436927970915,21.042006936858044
-1.1672664824975347,-2.094638421531556,16.22893664082918
-2.408622251755179,-4.164517834689187,12.909749231673985
-5.171627859793982,-9.244392150831585,12.069790743042265
-10.93108224343133,-18.038176103524034,19.169739040736253
-15.631910167355766,-14.872001918295444,37.51001526349345
-9.0002371112376,0.2252060193940694,36.38642837059696
-1.9986589058519844,2.3690631621694496,27.114154349790603
0.6208386016594267,2.0965005020380363,20.686960666842793
1.8414247417437097,3.1078376362796036,16.131786575362547
3.646064080252196,6.234198380059256,13.454950363556712
7.544536980418769,12.950230478586903,14.993664639186802
13.668121021255994,18.89249674716412,27.658688814801323
13.381083667969198,7.03960506950571,39.09825507597526
5.576327035920379,-1.2404180404630443,31.646625592631512
1.1555442772351112,-1.2432911644808493,23.873104748783682
-0.2197870378532382,-0.9663231664783524,18.25467662821492
-0.8467960913799181,-1.5153532361399136,14.041350207635402
-1.8347526853330798,-3.2988380220771067,11.02960715845081
-4.227167124747552,-7.867543965081291,9.890204650423554
-9.783856994276578,-17.308347617727417,15.386969235856489
-16.339165491956276,-18.34361230545577,35.940124812732215
-10.46095410255068,0.1395129344862159,38.77759375359841
-1.8937097855084515,3.685052276863947,28.48408021771435
1.5283478139599835,3.5508445498461647,21.869527473968667
3.304637083603163,5.228957009361194,17.686819947484057
5.967315488315615,9.590910786630403,16.530051052816777
10.592357213598559,15.77205913637891,22.212974099690065
13.74561367865634,13.187882416421893,34.56116454998956
9.326122716522748,2.858860750355082,34.57660464467764
4.053109002953207,0.5545162093674739,27.17777557039506
2.1469043956477574,1.5167928582304329,21.044920252858955
2.3407347167229045,3.268224688392658,16.559106426013273
4.079233079789285,6.778991782296509,14.056896178739226
8.129549402117974,13.627986869289487,16.238008598433424
13.898628135436883,18.129196736842033,29.377623864429705
12.600505647085653,5.92264963096363,38.385922034677144
5.204689934379674,-0.9011172131200754,30.739366214534133
1.3300936065625957,-0.6993957180408598,23.30073804281481
0.25244623802005495,-0.2042286929888513,17.82023231965923
0.02706459543780456,-0.06381462752951704,13.647764918401293
-0.02682693240250856,-0.065754034791779,10.453236697564893
-0.07715131812315795,-0.14945878167108786,8.006908553516626
-0.20007952903125828,-0.39571151824398615,6.135896974175241
-0.5457987702703351,-1.1064386937020205,4.723129151462773
-1.5533230568654244,-3.2024103191847137,3.8066789806905357
-4.514576983733882,-9.305951232879854,4.511554718599086
-12.190946531918582,-22.579713312821813,15.392038054067326
-18.406922246361766,-14.397825431069686,44.50213101231531
-6.4853888626155065,6.549485118310862,36.88739031167207
2.1582688497996783,7.01190833670872,27.461743514622764
5.289136431738601,7.502760642303231,23.532729453974916
7.502324854635148,9.884354244838386,22.939394768137507
9.892263055677333,11.965393750810616,26.199291915462
10.774204339672254,10.148652668148056,30.650701001840307
8.891011302952116,6.272250073801821,30.553428117372007
6.604281528095503,4.9916194474982944,26.99239537833532
5.918165767429723,6.1508991994985145,23.58087684004002
6.978007914973897,8.796139745346807,22.219321006979065
9.268224062156648,11.745250518881157,24.494269088693375
10.996307923979696,11.44246186084866,29.675059615133787
9.777586594018524,7.225330730128399,31.46519153585439
7.089643772041623,4.802545150105337,28.298925938793335
5.732952484753799,5.354611680331086,24.34821745035525
6.27150446264587,7.67273290955322,21.97698038009202
8.370505198865382,11.00060252225225,22.87179475246662
10.803481614229561,12.463107053629878,27.897687059335595
10.69665275421403,8.756923052324732,31.923213632759577
7.897228818457096,4.956502413665666,29.840958370231135
5.772324854006577,4.638818370656646,25.50900856495304
5.648363001679745,6.479236896568315,22.19596271973595
7.321723313674491,9.758660196600722,21.581471432487795
10.097528960063961,12.770453084055122,25.446660030738126
11.401330316137837,10.798433228738345,31.4018348643046
9.074683215730605,5.729283388339756,31.487340245078805
6.156951055372323,4.094196443031792,27.121263899002706
5.196562769513026,5.296051283938678,22.957349473700784
6.236939989064336,8.171222813359947,20.87686703599327
8.88893552298469,12.034050773564376,22.79620074456675
11.500865947246108,12.812536152063467,29.330159621124405
10.537184384961757,7.530801549368834,32.796553587399146
7.06422826351008,3.927656196636072,29.236111245249344
5.04715953290989,4.200401933191811,24.354962810021973
5.251829780303112,6.440317617635255,20.949177833938435
7.341379155703858,10.271498590123954,20.633810538448955
10.624308508721507,13.692743280378311,25.66934576099905
11.843892356387801,10.597107444668659,32.65912719902334
8.696605357036058,4.652491680317317,31.776951374546396
5.429587564682534,3.3083404190817234,26.525160262298375
4.529028967196221,4.749532731150745,21.945101168419715
5.725922962138461,7.8766178347543,19.569216686038107
8.746473991854048,12.456173118525642,21.527429109120227
12.018654637450346,13.872471024579937,29.411738979897372
11.003974217834534,7.349063045695802,33.95715336457985
6.767493313889784,2.9820076956340396,29.660036453201947
4.32726129299446,3.230884735167645,24.046237662760486
4.34393521349113,5.377370649800044,19.961152113146774
6.348948842447647,9.344273785197718,18.686636978282934
10.133513701684173,14.287238770417128,23.13837806990817
12.754395864375146,12.667501257963327,32.678051690053195
9.631310167929866,4.6126166665469155,33.65160075520015
5.228291657012299,2.0955029510641974,27.61512937123732
3.544881662382316,3.1413324695188867,22.042695725090773
4.138954869412691,5.681857473876983,18.299845745132394
6.700332045912211,10.337398400957143,17.785214229406336
11.097050642515118,15.59919250302834,24.230476082309323
13.138530869122166,11.503612564496516,34.76397488285513
8.59483861012293,2.8414656842144153,33.24589369110319
4.132769006346547,1.3240373559008707,26.359997826185456
2.754556427094883,2.5611901670513553,20.704381184666413
3.445586866083534,4.997073742795722,16.836681436132082
6.020939784764268,9.758820031618857,15.9115914296699
10.870061385473537,16.31121878998449,22.22581834057731
14.003422682632971,13.0100127452318,35.346631158283216
9.035119154019265,2.1736182736381413,34.60873993211811
3.6174015674906284,0.1269199713062597,26.877148673681045
1.7134912303650223,1.0388255519462513,20.688588217304073
1.7729147921716042,2.4602777566653837,16.093960464352655
3.127582802754634,5.281893738963634,13.130952678457023
6.526180781260142,11.424057047736868,13.546868343200629
12.72316125463308,19.14906303907754,24.118739569994737
14.57973859570676,9.99451106431152,39.298379418617884
6.771048124887458,-1.1565089727416589,33.472028872296875
1.355953159087174,-1.737645696241746,25.103486017812134
-0.46775685819350454,-1.5050505876582783,19.192181844770264
-1.3774644095135047,-2.379036578541497,14.859129077123434
-2.857951688790289,-5.032825338473781,12.051281148407673
-6.282727544797805,-11.269605315453546,12.446090192824624
-12.785869340664707,-19.779139977326675,23.317710439969648
-15.034248041218987,-10.274467927770756,40.06214331110933
-6.663214214005062,1.8439452200527051,33.84937937641586
-0.8807758354448103,2.4312546109148414,25.251093091504448
1.1600588090616855,2.470855428578879,19.412179053522138
2.4986408269446723,4.1362879651904905,15.394743487920199
4.939260374006715,8.44617748050644,13.80503576523789
9.87661787604187,16.080666852039542,18.708233397297622
14.810984534857203,16.030966487430653,34.32184961768462
10.379121670050411,2.337528878816218,36.89358815631982
3.5200096762956674,-1.1888638843145594,28.259428773088672
0.7288889954170434,-0.6389544270013515,21.48684482295776
-0.009540787001790937,-0.3687447671304132,16.445509349924354
-0.279555646706903,-0.5411671796477989,12.602313982709672
-0.6579988165295663,-1.219522900460781,9.687589073199128
-1.601682072170885,-3.083522968448252,7.625251887094462
-4.138116685985432,-8.120011944683188,7.201829587728954
-10.434175155993149,-19.129835508280415,14.306047769565549
-17.51837567522994,-18.24275543869778,39.11759745128821
-9.304822330662867,2.9891141452297982,38.73404336709865
-0.19692198750877665,5.338562586519355,28.06383865527076
3.2683125649635576,5.525035219512465,22.36816613669216
5.499342334902166,8.058650169597097,19.741576440279573
8.702218150113884,12.458043445763002,21.613900244336907
11.979460973871195,13.826883806657406,29.400409064783208
10.98443913818101,7.37389882459718,33.90171954929162
6.789774399136018,3.0336301450372716,29.651877458536937
4.366058259449451,3.277750409021432,24.071046450856876
4.389330792572336,5.429495912020276,20.013987456451954
6.39982766052542,9.395877560775357,18.783413721394822
10.165511814636375,14.271010491952033,23.275765095192376
12.713091263598363,12.554818205253904,32.69602491708476
9.57864507286211,4.607135278049967,33.55394867437323
5.235368257961967,2.1570526933010785,27.555676578547104
3.593674059402139,3.223099222298387,22.030198341139446
4.22113205704323,5.800904603909221,18.34890056564251
6.820757348033481,10.48887169243894,17.962619524056503
11.195192480597495,15.586426105523635,24.577048903933292
13.041234348744299,11.208169734227774,34.822131829635644
8.454183519334,2.798076809413753,33.02455792061308
4.115760831508472,1.4196339465751222,26.198662078689907
2.825399865097916,2.703836103705948,20.62032947879964
3.593165416874219,5.235230776016331,16.86015215474744
6.27907889853536,10.137600547637758,16.197334735581478
11.16453069814703,16.4576300373371,23.038844394892536
13.850637297945056,12.264022084390872,35.69611802312045
8.651740229026831,1.9543219745847566,34.10348519104257
3.5038481462897098,0.27303366962069525,26.47215529138126
1.7910985401184794,1.256030915359898,20.417467814743226
1.9870678236875947,2.8318586515845356,15.954679736555054
3.565910925546437,6.033012563313992,13.266269300083394
7.374185211283234,12.724932037427287,14.631811317926468
13.574411127410373,19.075452992982605,27.099785515548472
13.615113790523068,7.4253867674082334,39.279637325802156
5.706858489100134,-1.330082400193842,31.931953517165127
1.1136387229091425,-1.4010184405675226,24.053948772566994
-0.350360821766318,-1.177689704986086,18.398483619603073
-1.0848894663194322,-1.9049754215980983,14.190220404917827
-2.312591134350251,-4.134575496907337,11.305902908124931
-5.250961918244412,-9.646278551789479,10.892259947253942
-11.516842515554226,-19.20949639632491,19.324006446847655
-16.065186518827606,-14.053154106857901,39.27803337889106
-8.178948080525576,1.6404692348717786,36.068123057794345
-1.0901156348533085,3.1655723878940645,26.65067779397369
1.536756691700236,3.1910510023017267,20.545005476190134
3.161002209205567,5.08370970452317,16.585056736886802
5.925546513374401,9.762693063938444,15.626597841559384
10.88739036646226,16.47550828091859,22.024562916099068
14.13251550428664,13.131325851375319,35.54176749759376
9.02374404498011,1.9780972390960923,34.747861846307586
3.483633324326846,-0.07339599665884636,26.8760995725044
1.5265443251068382,0.792605423325438,20.638172488574245
1.4905348197831492,2.032297775560299,15.979343713278523
2.614846063855834,4.432903111401076,12.800078748885452
5.54806940014526,9.883611615874289,12.315042665962393
11.527785112998613,18.614037438822148,20.527286170966207
15.47581741306701,13.405501853709467,38.45529720591202
8.239389431191432,-0.7384895905364105,35.510048227932685
1.6878150334310176,-2.2737695460052145,26.470048394582456
-0.6852457583725549,-2.0472432779669134,20.22665956371011
-1.8640050959886427,-3.140599050271318,15.78599479710186
-3.7154101660173855,-6.38832118704624,13.230302746984414
-7.741199113901334,-13.306236720919287,15.06713391591343
-13.917532106403025,-18.943774385310242,28.367904146816823
-13.167638904029738,-6.378765014483902,39.168248845482914
-5.257352819564384,1.427526589329723,31.309332110774747
-0.9720310388998377,1.3365461687702698,23.61726683762748
0.3759530485870474,1.1534651477691182,18.072440729746084
1.0918910878756298,1.9153280908744206,13.941697193182806
2.338851899397871,4.197807119588106,11.12496375136889
5.341844967431899,9.835020710748447,10.830112408342274
11.715162895759164,19.464058752666176,19.667611399366475
16.056825612152277,13.59470420160105,39.65052659321653
7.918727308443008,-1.8785964566874576,35.82838555839337
0.9304157921972893,-3.228375650941783,26.476281978903337
-1.6509672089524094,-3.308232175192838,20.451347093893226
-3.317310135740669,-5.318979302007259,16.59882396435018
-6.191657552044806,-10.157018979470882,15.908373628729748
-11.200142619775798,-16.64615381180799,22.870180856187094
-13.979599948551064,-12.3460266364742,35.92402519890546
-8.619326629994127,-1.7408109796109992,34.22303522055274
-3.357986746245023,-0.06843659058346009,26.45523295510026
-1.595239413388637,-0.9999705537538273,20.350580960838254
-1.6918611373603527,-2.3845708625737605,15.81364001284497
-3.0334416145907794,-5.160371992353226,12.867728055438663
-6.402637917996847,-11.283178896790071,13.208936955698347
-12.662324374756484,-19.278329258990453,23.69118874040343
-14.755604310385396,-10.283632289802869,39.44829875196083
-6.840626696497258,1.294086374327599,33.6927123412635
-1.2679139251520524,1.9293281719607311,25.223750214705568
0.6394157309422256,1.7599981699494784,19.301063580082257
1.6665918927429302,2.8368668211489143,15.016980144964991
3.407451689897593,5.957178532542958,12.45601858420344
7.329616791437701,12.871754431666044,13.939687623778234
13.827218669291755,19.636312611706447,27.125063223030956
13.769668806080148,7.053709792552136,39.87509360903249
5.401507726500697,-1.8905893512687155,31.94312701350983
0.6790376927627355,-1.917789905599637,23.999862222932936
-0.9228636581449973,-1.9770029476219646,18.42844695021584
-2.0427192560973753,-3.4530455739268677,14.464502764324816
-4.196752025560852,-7.359509774274561,12.523682419906828
-8.895087653547607,-15.201199471864221,16.112879020761373
-14.956524228435287,-18.290277710503478,32.2328560564326
-11.715175980241717,-3.2607861363823223,38.65771351320832
-3.799636142910443,1.9894273542030498,29.560200159238537
-0.2495164294514748,1.63130758972488,22.367994154952406
0.9711437381447016,1.8829835667239059,17.20237223876047
2.064104274475819,3.5360968363642264,13.530054114158167
4.36420343737656,7.77255831115254,11.918919226471488
9.417754214600462,16.13012557726485,16.432253629135182
15.424530935571914,17.877760659144673,33.979920390339096
11.019494209322145,1.876085702928828,38.37368035870757
3.0848613139609684,-2.3960260446107466,28.87033082757186
-0.24474099232367602,-2.0491286024000503,21.901119642644964
-1.547691866185862,-2.701108226780524,16.974782966346943
-3.076903864776897,-5.216592214458314,13.787594195653517
-6.347535934482934,-11.011884347506665,13.871349188935495
-12.300988509160169,-18.635970590823415,23.45354807067561
-14.607784956562606,-10.88335004221985,38.634388021668066
-7.297803042668695,0.5850146046778014,33.86085328409265
-1.7785791474843957,1.4318511982845232,25.469164439624226
0.06797273777209221,1.0230329804015788,19.43736192528608
0.7703922485837021,1.4183213415639453,14.93604978831993
1.66665152130558,2.960684917401723,11.667917111334738
3.76594057463854,6.95808469007931,10.084083282862412
8.733745420450683,15.683791739013893,13.927773848074704
15.79494520435733,19.96982240131986,32.678095372297314
11.97307439471131,1.9072024840859707,40.06159175352211
2.868615125931568,-3.5502993445273465,29.730152848323204
-1.085771728918293,-3.3257344774967885,22.625882778562023
-2.856402892557034,-4.5921197910023075,18.030682136239935
-5.196393179531529,-8.39362078261497,16.072451903829517
-9.519540466629035,-14.794451167870225,19.951193313839234
-13.788222397607028,-15.247725242017411,32.5125420886679
-10.680023214281327,-4.251668206737152,35.97133260534065
-4.73353847648567,-0.34341682618210434,28.67828287879317
-2.1375453773999724,-1.0177501475007675,22.11086258958479
-1.9208263479696657,-2.445207212940116,17.217156954227917
-3.1356180038355963,-5.1373521815110115,13.9976708094488
-6.304974406495001,-10.873818254527896,13.989342504493465
-12.166191092503645,-18.455316953342646,23.26008299188053
-14.60107502238201,-11.152725017605189,38.392770503753574
-7.468086621814254,0.3828396604471682,33.97723530516219
-1.922808015084359,1.3247205928921097,25.591541527796736
-0.06810911107289405,0.8611535041385017,19.525149760810493
0.5667471632155956,1.0979250398764124,14.979738586674035
1.2667721422215261,2.259632447972878,11.605175182932584
2.882370155181901,5.359191570526902,9.559857354028424
6.893609096162512,12.816299083897919,11.154607385598581
14.36433445610997,21.633823758775325,26.031005225465464
14.641209430744269,6.557338230205242,41.991132076957065
4.670332256662132,-3.760547778333504,32.44390179842855
-0.7189964155109082,-3.740703498901159,24.36796148859504
-2.840840955111619,-4.61759881430035,19.356824351556597
-5.042924757146972,-7.944283841449306,16.972976553608923
-8.955609332768,-13.787831471266504,19.776125292788223
-13.222904911961706,-15.41516680937971,30.82311603552946
-11.239390691337112,-5.734880725743522,35.848391955089824
-5.573321602227913,-1.0161101662905685,29.47451208834903
-2.7704497945465385,-1.506847647748418,22.935937318607646
-2.5386802198806517,-3.1788861928130054,18.069230266950715
-4.000095578999627,-6.37780095491453,15.165927778258487
-7.605742171611762,-12.545891927787329,16.421407737230492
-13.080292950465706,-17.706033235007926,27.45906431339954
-13.063632611595853,-7.853658638647365,37.809079178583794
-6.24165551103319,0.024202656356917873,31.643022171283516
-2.094102709957359,0.1414061587584564,24.130919112347915
-0.998723227790865,-0.7231184358953908,18.512939238315276
-1.1924585717590594,-1.8057104212017219,14.293190933306398
-2.317342122869593,-4.090817366277921,11.38557305015168
-5.212799133149298,-9.559907933668432,10.921257774804287
-11.427911388306567,-19.092246318582188,19.17329229434578
-16.065263289143253,-14.25526336017705,39.10275954915892
-8.296739847508197,1.5288074272256411,36.17549139342755
-1.1633573866641416,3.1369250591442386,26.73077059115354
1.4849584529891624,3.1386637901020897,20.588786992293546
3.0907086318107266,4.977971071255684,16.581447217902994
5.804963139026726,9.581745112489884,15.505048822044516
10.738707021042538,16.37882834725512,21.641073650546737
14.190239754682732,13.490260976317309,35.33382275964657
9.215578491871524,2.104136847526875,34.98884800909472
3.547932216282897,-0.13629947837137227,27.07453527705954
1.4984816588987528,0.6996887654624803,20.77451798211002
1.4022793995215612,1.8771689202833455,16.061893603638698
2.4306937627221674,4.111755046186641,12.786885215382656
5.163902890582786,9.235982426765625,11.967083344622363
10.943858132250078,18.092075543642707,19.108938067582443
15.672952729449223,14.893882156893836,37.58891384875064
8.981211019996472,-0.30453553610488077,36.41184507438146
1.9474237753609092,-2.433557992227418,27.109723148468255
-0.6849530012014057,-2.17893550330557,20.692698712997625
-1.9374574269758587,-3.2532134654741003,16.167216704399124
-3.817747048133606,-6.511853825294062,13.58851866457342
-7.841337792866637,-13.358618999810819,15.48124819233507
-13.867052345062506,-18.64741684920103,28.609305246672402
-13.002670961525979,-6.333191981546085,38.87352389185338
-5.299853770845182,1.1960205429552973,31.166461739319516
-1.1404087455260372,1.0828742246188585,23.550152879969787
0.11413580553125367,0.7691402305603974,18.007743353282045
0.6353066755728252,1.1643864517304812,13.825846292423337
1.4051911162464152,2.5427692196868117,10.750703814368906
3.2817978195565143,6.172811523192134,9.10131715933581
7.921807576973508,14.647397017356267,12.036475831002475
15.566887602761764,21.47820469662733,30.173192074833576
13.170344175857709,3.1024350845270607,41.468663601863724
3.2282908666672023,-4.150092712896291,30.794891699891853
-1.3591695991882091,-3.957578462411468,23.422525220720786
-3.370896157468519,-5.288014503160733,18.92273723382098
-5.875163508739515,-9.197832713471106,17.405101795043322
-10.10249570721353,-14.889683628983796,22.03773295546705
-13.336368533722494,-13.521118477430308,33.224228314961586
-9.830973602038029,-4.012076641991876,34.55711553335276
-4.764882513106876,-1.193634966881122,27.774644708547672
-2.7800869852889156,-2.1328695576362082,21.7386712149866
-3.0711794854340346,-4.218705819972229,17.416928670374507
-5.15453855356242,-8.305699525245767,15.548262507122464
-9.550667912953555,-15.006432779255885,19.575303775551895
-14.004148989527955,-15.522928526453173,32.765981248677654
-10.699323828354528,-3.9336461929881734,36.2585743215192
-4.514822727900651,-0.0017589631050897309,28.661184950817482
-1.841734287968673,-0.6524266841467581,21.999751802556897
-1.5098335008651937,-1.853065681298057,17.016403765519296
-2.433155107420818,-4.006976325603642,13.519735003933608
-5.005518745161084,-8.839203463817652,12.403120455563114
-10.481000120937072,-17.356510754921928,18.618080746506376
-15.47768213137673,-15.658295212708456,36.38614654629213
-9.600387772199516,-0.5669594997660028,36.82600052908424
-2.468154536825925,2.1235886258493797,27.58737457132653
0.2729489964791447,1.7535605878156884,20.992220920838797
1.383311811209448,2.420226921123771,16.23858502556331
2.804413369824205,4.827658030159877,13.087803297225362
5.951710124740243,10.515295430324521,12.922044005772495
12.01858619039789,18.84548800646151,22.043141478956453
15.110427240464707,11.975122460196514,38.84417810748741
7.636077890775001,-0.8660162679354478,34.628960069816415
1.598887109886284,-1.9681508268671835,25.897921460451656
-0.5164212848861597,-1.7121991433584267,19.785147539351545
-1.5380904941928781,-2.6349590312635223,15.353233104928096
-3.1363926461380474,-5.463769181820266,12.56899143640953
-6.746140524613857,-11.917287865868829,13.348810502657381
-13.175266615922844,-19.597000232123865,24.999787683577413
-14.4440079784687,-8.941006555501755,39.838768620890875
-6.207189357216633,1.659977116538161,32.99494687654088
-0.9555948031834178,1.9994529974986273,24.719048591139863
0.8366774520042598,1.9525822727767081,18.95351699163837
1.9452349736836565,3.282850625121144,14.835103263794327
3.962984999843869,6.917264753180214,12.652958606542498
8.39402508992769,14.437797751978842,15.489598889124295
14.615226532299506,18.796897812122776,30.653258396049992
12.377394905775766,4.4158908152319505,39.071555138986575
4.3265132821255845,-1.8806868102108911,30.273854635921943
0.4617363813479439,-1.5956205565815877,22.865648375214697
-0.825021199761031,-1.7137405261465244,17.55618948399284
-1.8235638381201866,-3.1254596572815627,13.723932836065714
-3.8490189652771245,-6.8607878990856594,11.721819659090622
-8.435951232782987,-14.767166279482613,14.807524398240501
-14.993236420996656,-19.337347076479656,31.09909252878317
-12.368874217789534,-3.7041188920065506,39.56190864799647
-3.878904472889198,2.4941312084942506,30.1779949840542
0.07362862677745227,2.2213705184003714,22.796481941923428
1.546439002442075,2.748777499105403,17.656833905508815
