9.378702275517588,19.57458751490581,7.630766665597855
19.626711681466606,23.389547788096735,40.0286349548858
9.75012238665359,-6.742400406604698,41.58476188873402
-2.116897178370233,-8.997762264908726,29.877437398359707
-6.150030226939815,-8.36862341132406,26.311805797927178
-7.778526702480167,-9.092649231471034,25.5492283718045
-8.923426720640519,-9.836157457751863,26.6200060942345
-9.393702460220032,-9.339684436657738,28.263381872574293
-8.848424219101808,-7.93523649424715,28.598504953673725
-7.915090798605833,-7.130886138729402,27.347176801922487
-7.505650096362923,-7.520026161989633,25.7976411510161
-7.93157624854259,-8.713742308163889,25.216210277897
-8.863963143272374,-9.797734401280636,26.213519535916223
-9.466360689142336,-9.596749406196484,28.056443805175082
-9.0472332461607,-8.165493303322597,28.77852323079603
-8.04266689675057,-7.106680781403761,27.678868609476318
-7.457897344074358,-7.29866566182535,25.982965015492887
-7.750603285827426,-8.455894353276141,25.097971889565716
-8.691603661684077,-9.729404109760528,25.838102119096753
-9.478793236360762,-9.842644391857716,27.776257548620155
-9.243749646911228,-8.451605751686925,28.906808597034097
-8.206436192704313,-7.133489987090392,28.033702072761383
-7.441942348149879,-7.0902289435440995,26.229702907999325
-7.574444331346856,-8.169158292762067,25.039350039646017
-8.487382777317784,-9.59415306358351,25.46679535479885
-9.443118750204327,-10.05219259333367,27.412643247101336
-9.43284178260188,-8.788268525664416,28.960677755841232
-8.408070965438382,-7.2214371338914365,28.400050877202524
-7.464624094058017,-6.903594532796437,26.538578656524663
-7.41059931610641,-7.860750452249491,25.04989169601424
-8.25621250597114,-9.390527927293352,25.118101559561868
-9.352991317439306,-10.205295562530395,26.971622520604125
-9.601513316232642,-9.166573274181479,28.918418921772535
-8.645812474456969,-7.381904987184252,28.762743183073866
-7.532695616225703,-6.749242816246841,26.90910198457777
-7.267177277628469,-7.538858403151898,25.138237127208065
-8.004653338508541,-9.120401648674456,24.81138294378549
-9.204292300208335,-10.282010870301965,26.466122226856726
-9.734412411045454,-9.570585578734573,28.758549157104827
-8.914867286325851,-7.626176533978852,29.100976387678354
-7.653008709865296,-6.639835077468132,27.338651476570554
-7.153215789348648,-7.212782035223702,25.312085638034723
-7.7409377254046685,-8.7889299591009,24.566263530862937
-8.995829716736775,-10.264548612675878,25.91633605596714
-9.814552721668834,-9.976140678776023,28.462637697205807
-9.206262574261446,-7.96376436173887,29.387041194852564
-7.832065149748281,-6.59086730825812,27.82147645867622
-7.078842900615157,-6.893081454586747,25.57811783560117
-7.474875021934015,-8.404270254403192,24.40186980028028
-8.729902834020061,-10.13942583831592,25.349294616341034
-9.824497254249401,-10.350511203290031,28.018994064079106
-9.505561409364196,-8.399667800271796,29.585183627348233
-8.075278581027531,-6.6215171799937,28.347084667213576
-7.05550160481365,-6.592074224877224,25.941901372364175
-7.217845116186432,-7.977131059887955,24.336350329150594
-8.412615938383901,-9.899325038449913,24.79765263478062
-9.748176360354769,-10.653711817427926,27.427176191202335
-9.79166093405624,-8.930055332051515,29.6515388770091
-8.385596643286467,-6.755200233179305,28.89766984336036
-7.0961882837285515,-6.32476189590721,26.40756684862064
-6.982926098555102,-7.520312051641712,24.38660957647422
-8.053934101559962,-9.544342379127789,24.29779124469087
-9.573135996092768,-10.841956409326071,26.702299936957868
-10.036126023954571,-9.53653082868628,29.53618055512543
-8.761283431011819,-7.019390153375062,29.444293686231326
-7.215565738460716,-6.110385026327817,26.97703250947198
-6.785241228915958,-7.048385451894857,24.568315022954803
-7.667535973627774,-9.08233082837059,23.887625739538787
-9.29293133666546,-10.873257706521665,25.878027640958894
-10.20370219643148,-10.17974607223483,29.18884301609619
-9.19254049976906,-7.443545200612994,29.941559345925036
-7.429706990496222,-5.974849998722428,27.648297079613055
-6.642611509704283,-6.577830739727021,24.896099611210644
-7.270574115762836,-8.528285681105826,23.604535672690655
-8.909229526194986,-10.714463147920283,25.006940287318997
-10.254856927728436,-10.794620658425513,28.56972214915776
-9.656831882991456,-8.053165238109578,30.321217050233606
-7.754946139036534,-5.954156244686463,28.411944314221323
-6.576570664614639,-6.127968058515283,25.383811281765823
-6.883607081658416,-7.902983104850545,23.48389903631283
-8.433142746026812,-10.348110977002372,24.157513203244516
-10.150985621895613,-11.290902885182751,27.665254331717897
-10.113333024635534,-8.857189033827092,30.48682232445319
-8.20484272499888,-6.098494189682645,29.24427693444456
-6.613685880464138,-5.723349077640939,26.044333951204358
-6.531008344158596,-7.231367868851903,23.558485481583975
-7.885578473731886,-9.777207822019745,23.408048439509116
-9.8623397258782,-11.563424016609982,26.505976367318155
-10.498261450431915,-9.826290357954166,30.315316119139396
-8.7837245616537,-6.475565257919708,30.094873765017613
-6.786976876010924,-5.398331916645977,26.88879921584156
-6.241879529929042,-6.54070078488089,23.858825329357
-7.296097447516246,-9.025598136623174,22.83841406228191
-9.376543072286264,-11.51341458527984,25.177739600969957
-10.724767253659655,-10.865045942077893,29.673921823325983
-9.474732625810137,-7.168680867497155,30.864386946220012
-7.137265539882622,-5.207255863982618,27.922799859784583
-6.0536141254421265,-5.861441370320403,24.41599302896541
-6.702447994388239,-8.134690652141712,22.524974238080883
-8.70641777853704,-11.07678547752836,23.822344744851247
-10.693060475985668,-11.788196020211418,28.468034803927555
-10.218525553515095,-8.25358612414397,31.373030610437667
-7.709205627206987,-5.239150365560894,29.133475783639657
-6.015743494760887,-5.230275555050614,25.261729097522796
-6.150181175673063,-7.157494864724707,22.53550841782313
-7.892920607846102,-10.248927426224633,22.61784397309835
-10.316051411515454,-12.334014513268343,26.714061244734705
-10.888008423742917,-9.73647404561219,31.33359643005995
-8.539131587993595,-5.640957943611918,30.46011701781753
-6.197543048359281,-4.700922940926096,26.430996959065613
-5.695011723871671,-6.150727787746952,22.93128213448169
-7.001915605840822,-9.091684015787104,21.747499424570034
-9.556180295083706,-12.239151656735359,24.60738975927334
-11.272316698401681,-11.432564389377518,30.37954821288354
-9.617919379742077,-6.634023991681106,31.72138122389579
-6.696162999047984,-4.371789945895571,27.957201077357627
-5.411189491470305,-5.171333377828922,23.773820387030444
-6.117835037891506,-7.717829327190927,21.371780668826144
-8.457067459757138,-11.363029460262695,22.522220593803972
-11.109466064552642,-12.841129549549303,28.242646879562162
-10.809109604931972,-8.460997742116872,32.473117173328745
-7.635707753079167,-4.448777233390569,29.842845023157558
-5.410295238017593,-4.28467393540357,25.136511243101765
-5.340566375888634,-6.259628393699365,21.61854550305687
-7.147694151914535,-9.78236594786324,20.91042212006801
-10.205952483692876,-13.220578652300292,25.097435637851202
-11.72556247112504,-11.093652484248159,31.860027339825912
-9.11785457460116,-5.362532440193335,31.936684835765003
-5.876232991120993,-3.6077164162846596,27.11754058254652
-4.796903223454476,-4.836833706165259,22.59972749294117
-5.813353212283892,-7.769051956338641,20.157947235141492
-8.600232280330383,-12.045479019401206,21.773452202688215
-11.701985280794744,-13.593751696572086,28.899214133619825
-11.009499288471938,-7.836361047796195,33.51469633305756
-7.109370053055194,-3.465709219321978,29.82277015866337
-4.690759339270247,-3.551802681358781,24.45773683769317
-4.663615351332649,-5.659101116737517,20.518676520707622
-6.6150538891494834,-9.514049991956423,19.416938919702446
-10.18453468357375,-13.97705047338976,23.83056878405799
-12.42472031878917,-12.117064024453303,32.45634285565118
-9.449376481021947,-4.84809143126434,33.08364839348986
-5.434092960151223,-2.5898987917270357,27.43795777412452
-3.9550157457630912,-3.7082594361842838,22.183557704355174
-4.714773432569652,-6.443737187182575,18.84249169511221
-7.444068716564783,-11.161381390240242,19.11311653057771
-11.543269000826218,-15.197702072573291,26.272757291575484
-12.416201468746948,-9.836434817024498,34.70386344673746
-7.869412307817736,-2.8513676138011674,31.89051365931304
-4.199203201085653,-2.0635717539931617,25.49599728253425
-3.3536355521975905,-3.615706992432798,20.383719593108122
-4.549158860755464,-6.697949690997543,17.33762886460125
-7.786649748675048,-12.119460946990465,18.374807223496813
-12.389278922039146,-16.13118528075607,27.524265135184763
-12.464651508744963,-8.455538513088214,36.05104590084138
-6.916057429347906,-1.5433782253365314,31.368566755365173
-3.2621957957718464,-1.3020080931908058,24.50244162273586
-2.518667648478077,-2.7718152773006275,19.23169317153721
-3.5883300140040597,-5.513771633636382,15.79615865195404
-6.628596100513662,-10.935699789660921,15.745605223493296
-11.922463032604062,-17.34377038203728,24.22493898725711
-13.89197946735215,-10.87845619187636,37.04710506612065
-7.733814472142843,-0.8351436398993158,33.42811155034192
-2.7670377753931024,0.16254233756483644,25.601094415445953
-1.2332738999435984,-0.7297727553910265,19.643288536231783
-1.3079302967678232,-1.8732914337834914,15.179726438768196
-2.4084771004162846,-4.165710618986643,12.101215349650722
-5.264402890145321,-9.52754605493508,11.520772368826812
-11.302575866095493,-18.697888165849417,19.425135132059168
-15.834469395783074,-14.287604631187158,38.52544046521996
-8.494312499756166,1.0042132951162672,36.11758703819145
-1.5062645451968084,2.7484418145593903,26.784088395010432
1.0797619351961558,2.625256669620478,20.526624387380597
2.494953000098358,4.094553956895299,16.250414367887405
4.811262124515386,8.102129228575148,14.36543547849404
9.450960949993336,15.339857749710177,18.45798807191978
14.46456752079599,16.3904376645756,33.031412709589276
10.901089246571717,3.3870180870827844,37.05842559341498
4.099934392032183,-0.7989308233800705,28.810748149193717
1.1652271766360858,-0.2493089984335988,21.93848713645573
0.5048295621687588,0.35625672734527847,16.80589831907396
0.627155787676575,0.9898371023743383,12.903310069723808
1.2921728847153975,2.3494736556783704,10.01829020625836
3.076620762946743,5.856851992282157,8.43258251810111
7.609930882449843,14.284201753777046,11.1141348198942
15.52031027038088,22.137003410098462,29.17460408121976
13.650732644790684,3.4651983495102634,42.134310596820505
3.2673175369434775,-4.556525579681163,31.210220097506415
-1.607480976411745,-4.372310560264532,23.77685476353824
-3.7439882365322115,-5.76853282813634,19.428575021938542
-6.342662411106976,-9.720234701377795,18.28903650951001
-10.443087035376077,-14.812583310576908,23.38718766713887
-12.964443709042015,-12.403888746995476,33.474479438037704
-9.31014345799822,-3.9322487798007586,33.63600528050571
-4.806953032070416,-1.744343545559993,27.196358727130278
-3.210572849234107,-2.8739089911338236,21.544729898512212
-3.8330342422563413,-5.372891222819162,17.71440800923115
-6.397554280236069,-10.079585074298933,16.99075913278421
-10.996586282668861,-15.914372117517418,23.368091879324176
-13.513290969004787,-12.156419832614612,35.00986703876269
-8.798197289401264,-2.581170661393136,33.842551617771505
-3.927465638475796,-0.8200036690658847,26.599574447684574
-2.3180546427666346,-1.9158219953152098,20.69101307027079
-2.744282987852541,-3.9445516949227915,16.461827189636203
-4.855073045226322,-8.041950622933928,14.558688436526031
-9.400177629211715,-15.19002065829943,18.530540768310416
-14.363060773275588,-16.348782001278344,32.803438478245376
-10.95996377464273,-3.610228878618554,36.99735258572252
-4.233137928486303,0.6578706204501087,28.885132548574607
-1.2992336054553406,0.10384669446969529,22.016948228458116
-0.6795880587040891,-0.6079627246532396,16.88147845715537
-0.9364362608899971,-1.5088756706701312,13.000749106859878
-1.9468030403241507,-3.532390838047698,10.2651107352031
-4.578632301371397,-8.602088153355016,9.549530843752402
-10.635649687487357,-18.613936787940453,16.56577888926699
-16.633270984194674,-16.71916868518485,38.2758904782868
-9.25284164405327,1.5615713854782194,37.727783165372614
-1.1094720369200524,3.925190400657285,27.630604585626966
2.008238233823432,3.96175199430249,21.421105222696127
3.8904186667641567,6.070486590996184,17.701649086339188
6.903193314683314,10.908140501324173,17.563014694571194
11.570513174304574,16.114915791066547,25.018963109529707
13.156287238767721,10.673539747933587,35.58900730403644
8.029326872834247,2.1273405241737784,32.841757470241575
3.668637382936657,1.0605166080609094,25.751576258093554
2.4383352565371643,2.323313325155144,20.120366288963687
3.1461016768403396,4.664054143295005,16.22557128573724
5.670981663850353,9.37196463075188,15.092847086805746
10.629681112793552,16.42990222844194,21.09551567767154
14.3622973080949,13.930415916803282,35.31728585824577
9.377656814692674,2.029043775765643,35.336399437343005
3.4762438744163964,-0.3862216820531121,27.248068760147568
1.2940562163459317,0.382165861911927,20.85331617437199
1.05404012698808,1.3300885820946924,16.051491878914224
1.7706439233270044,2.9892536583510627,12.550744571919346
3.8025734752764766,6.9043557017921415,10.786930990986312
8.598099032127523,15.275005605780018,14.2927997614384
15.447263353773632,19.72381036616864,31.959599028808192
12.167719682623572,2.7006878276962345,39.8816245915399
3.3108400149200437,-3.1010998114964163,29.924525660853345
-0.6470900624242613,-2.8466983456948807,22.677408578151233
-2.289981729701936,-3.800847414680426,17.81637773560616
-4.297575076777123,-7.065420899657141,15.189013017875183
-8.265943362542474,-13.498289539969724,17.32951552405174
-13.567816230964008,-17.279350079642718,29.49898601705659
-12.292273526793096,-6.227151541016635,37.54014164392313
-5.5225104976597965,0.14584928419845064,30.54793754384332
-1.9179576392109678,-0.07819007682316183,23.33120600608129
-1.093228239721987,-1.0091610665512316,17.93055983792798
-1.4846195565191678,-2.339308677420133,13.912517270460437
-2.9744365894563285,-5.282913941049814,11.37740658172519
-6.655678279724856,-12.024125887089292,12.314834425805733
-13.4679991487953,-20.381680578019104,24.802001252565773
-14.736466039656365,-8.569195013481263,40.73649032621318
-5.81850523438112,2.4685857245345932,33.05866744327582
-0.3560834376829537,2.7165776589558472,24.69934495850715
1.6134498144415625,3.0116173423709762,19.11595120887628
3.187931765449601,5.217421260535107,15.496719856321556
6.188613411532624,10.394211647828843,15.042623426991087
11.552832388682189,17.38923031626608,22.857650898939298
14.302568727668591,12.047868280209178,36.942166138171636
8.217690095891054,0.8528181505257438,34.244955227626185
2.767811874122334,-0.5444532037265938,26.12902229219886
0.951627928238738,0.21999651583184782,19.981457376472115
0.7576158740335207,0.9672119284910143,15.344264638774305
1.3046854846162002,2.238001412911978,11.891375121055663
2.8803634975906673,5.319082701669104,9.778702981520558
6.830352097170217,12.660516610427965,11.255324226768227
14.215010254337978,21.48494266673979,25.734280834449507
14.708028233488735,6.929324045973731,41.86651012436166
4.856566783806618,-3.603287817210999,32.57732482957247
-0.5748060591631957,-3.6199203894186085,24.432680879268965
-2.6857399945344906,-4.41840419406876,19.329716341887416
-4.815603440592331,-7.622585235539068,16.76195489012922
-8.65755284733772,-13.497963582536192,19.153393909744235
-13.173343689590801,-15.878248986171641,30.129775221425486
-11.613347665026476,-6.2124303634299505,36.19766057143889
-5.766898925915499,-0.9051380934546206,29.936473350921872
-2.71219757521246,-1.2598860437883943,23.229216439815314
-2.31815433647538,-2.7965216592004265,18.199644307366704
-3.572270762542276,-5.679979250683167,14.995416804675406
-6.856586019221942,-11.486860201132945,15.376054083265384
-12.445771253538089,-17.943812803504912,25.061080315759806
-13.873661867638473,-9.856678259595267,37.881235970609765
-7.0962417364163235,-0.09684027464024268,32.96776102280977
-2.2406277731813957,0.5306858087160273,25.06131270262425
-0.767628088612982,-0.21006899891822559,19.172179287315817
-0.6531081516095714,-0.8749854370789146,14.715039858649181
-1.1735195385961774,-2.044973092378828,11.382764379483705
-2.6468480939253243,-4.936248338609632,9.283401061370055
-6.401518000189879,-12.020032455620123,10.406724248395845
-13.83968895252731,-21.710341646318277,24.04575345034999
-15.331189698574859,-8.179630734089011,42.26292986644902
-5.2495786381407115,3.832467581654464,33.3139061500785
0.6444318263698317,3.9661971190352725,24.911461276329387
2.9224341963435676,4.754701194918457,19.812571476115362
5.129321261387611,7.9913171248027774,17.40303176198624
8.946943300750613,13.61979826552499,20.109027745802194
13.043702258335097,15.143607765961171,30.66210673234246
11.183703328626668,5.9598539189227315,35.5503576192653
5.744019383413294,1.3186792103370213,29.470022808300318
3.015356154147358,1.8015356890057626,23.05646058359819
2.855688951788771,3.6047077203079194,18.30380062336615
4.480106973844245,7.075789614735855,15.687395257638839
8.299158838674993,13.351965443537285,17.77020028528272
13.380425735158347,16.91337718129413,29.41175425157109
12.196128524995794,6.463440711130327,37.15824970078485
5.715115728587849,0.22015090761422224,30.522079847289117
2.207744024175733,0.43375457463165074,23.416201176606037
1.4828374694974227,1.5559402118894383,18.076025915580203
2.13731376831427,3.3922935481220255,14.219237765616509
4.247936722957197,7.441944697197688,12.3678484158743
9.018694989721908,15.419485962803895,16.173721084934066
15.075886601849856,18.21639984053458,32.64909920125452
11.556400185537905,2.9203692339314213,38.60756026661558
3.625481617468221,-2.092152927773033,29.39275049686117
0.12939461589079496,-1.7303957147215632,22.251238265559312
-1.1083316174594078,-2.0755681550828937,17.13903320655213
-2.3039283078661974,-3.935524930659224,13.568425889981915
-4.846166555906343,-8.586768772811935,12.313070171234402
-10.225757271625156,-17.07302660692478,18.094250097390187
-15.483580471885098,-16.212678130945573,35.858538617507435
-9.93468495794962,-0.8582692381612065,37.190860229944974
-2.617364078120144,2.1703513277495565,27.884295692923242
0.2506605108329051,1.797653229072246,21.20329770270157
1.395429617257989,2.4459343078962013,16.402842535241874
2.8214863204159704,4.843062698039352,13.222161064022385
5.958725580476737,10.500381681069797,13.033728081048592
11.985798599364237,18.760703262398874,22.068152752542755
15.071777081639151,12.00466743183746,38.73178331495065
7.680009111112427,-0.7671805860444623,34.624072068199794
1.6666117224999086,-1.892335447980003,25.9151809556262
-0.4351537668994795,-1.6061983943715226,19.789471157697797
-1.4116366323988465,-2.4373886023807967,15.32484161701863
-2.8970863078089826,-5.059834648365267,12.42820028801019
-6.282728255163927,-11.192577040771386,12.740674784684053
-12.663623725873359,-19.52371872482094,23.29378510595302
-14.959965061490951,-10.46774928335725,39.74693044861211
-6.825412495558827,1.5672228179919643,33.88485037505982
-1.0817440025833944,2.2193162083046154,25.30719549073563
0.9224118050968825,2.158167238505233,19.406600469628604
2.1263999447001996,3.5573021351949623,15.24522174029097
4.261752021667979,7.3614895108685925,13.172832836770937
8.819614946089517,14.892192267507959,16.519806290962258
14.666483892731767,17.989049518167274,31.76917456625563
11.785413180532576,3.8340834124960836,38.37459427573203
4.147690982575703,-1.5597182638646174,29.677665829747394
0.6399539148227879,-1.1824882776185472,22.469828969366393
-0.4437057639478853,-1.1167669974977958,17.211442350163523
-1.1321010380000522,-1.9853203878662398,13.289330515044313
-2.459272753026162,-4.45823763803895,10.670947562271492
-5.696340907017968,-10.532081997984406,10.795608465492315
-12.400536888395429,-20.221564261688194,21.065174627132585
-15.88537725574536,-11.877239499700813,40.67088138261529
-7.046343537662756,2.5215006122128867,34.94974237507365
-0.4630036603684351,3.3581908101654663,25.886006254703403
1.9600562127396588,3.6177334464346966,20.118485358108828
3.744179922478802,5.970163444279646,16.597308225434134
6.9202244345201125,11.217635258921357,16.713005433612324
11.972643316107,16.873048242078077,25.157698964616305
13.434655220508226,10.269859856502588,36.569851859228805
7.607613691995057,1.2600668883345074,32.84881912483218
3.066266971441822,0.4245701414200682,25.381790055013848
1.7749763287955183,1.5244258857663515,19.615040709834652
2.214264778138709,3.30727336334025,15.422815550837749
4.127208232000873,7.048418570904007,13.213456122611653
8.50187615965945,14.418276339447274,16.08817004715493
14.465907467922854,18.328358483315906,30.790038770332774
12.202436308465108,4.546169560497168,38.64217484623814
4.470359131543284,-1.5088672071791638,30.140627901021794
0.7536737071632909,-1.1931949096503347,22.799036025343696
-0.38957228529532245,-1.0728467158866772,17.45626763396808
-1.0562906731501887,-1.8573515022405596,13.463135939075158
-2.2905619363422716,-4.144655152978794,10.739150118107851
-5.303475922103538,-9.831162417689827,10.497340224299078
-11.765546507229844,-19.662708252191923,19.492264598318737
-16.18255417581142,-13.604746157206664,39.93538447414116
-7.829486370462677,2.143480130080695,35.878122983504966
-0.754096387086505,3.4409202546353814,26.478308193299128
1.8687266369291256,3.5874104275931016,20.52526092699139
3.6334566279835703,5.774962308819438,16.842770084924496
6.67671711875029,10.807808003616723,16.62614183342414
11.646623484887353,16.67218345451652,24.38645087941791
13.57006442257948,11.024147433060076,36.19961910163799
8.018861019841978,1.585531806225422,33.29194611415143
3.285719339755926,0.44861457997228626,25.802458927031385
1.8605209306457278,1.5316287225917713,19.949734642613763
2.2516484130485575,3.31474359419551,15.691878789617597
4.133941468865655,7.0154537984240335,13.425577722315445
8.444958207209044,14.271814697328598,16.17604963425841
14.349211463309436,18.252377201896433,30.54522577850979
12.260690554804897,4.8069580916758285,38.561538021780834
4.6171753155660005,-1.3622217786820583,30.232375636704894
0.889245265896044,-1.0576394975233274,22.878339062263386
-0.22310510916593979,-0.8389737284235061,17.50581560042006
-0.768114629472768,-1.377849355661261,13.457154130170322
-1.6889465926894391,-3.0672325408066006,10.539493654656441
-3.961419872864602,-7.445389702042753,9.335829727664393
-9.380982400253524,-16.888139710118505,14.299861563130683
-16.40686179266863,-19.38301405197916,35.04412377501498
-11.01042922506045,-0.12564580585248927,39.540403317320745
-1.9686542695094713,4.022846189840996,28.952029520897806
1.7148633972105425,3.887309559357664,22.26129705293061
3.604012851260314,5.626500105817622,18.1677512039904
6.355365995189107,10.03450726533169,17.312112219443453
10.869306477542764,15.667436909205424,23.389626094832092
13.388253671311025,12.215405719640287,34.66657395812503
8.914615874761267,2.8848900063338583,33.79966368066712
4.126755693512924,1.0333622272404277,26.724061591014372
2.528401994529921,2.153240600696408,20.867592607287694
3.01777262389136,4.3228893642943484,16.72831570324859
5.278250498368507,8.650137612850626,15.123176248011788
9.936928473420842,15.634526039865248,19.881257168038637
14.274903826041296,15.16534930276688,33.84894037147988
10.247475221171374,3.05452951549792,36.10726897155716
4.02565117899427,-0.3114907857888324,28.145240071762398
1.498495135154953,0.3821198728967635,21.540405612873833
1.1478353338886897,1.3801781766198387,16.589750989609186
1.8518324119065346,3.0788984187059025,12.987302678449398
3.9000577224084463,7.019170869575311,11.184861116859798
8.684066788538036,15.290613183889208,14.733181722662453
15.34955758649626,19.375025542164465,32.08689616062576
12.041307858950432,2.7947451021771457,39.585227818928445
3.4077630962494654,-2.8480875994793826,29.819055038320702
-0.44840735127301345,-2.5724598694169787,22.579197907089732
-1.998486158646801,-3.383761358045094,17.632087002577524
-3.8247187271277143,-6.3506594661887,14.724988218089097
-7.541600347930628,-12.608148652370954,15.993638296620425
-13.204867116636773,-18.04248701681686,27.38726435449056
-13.198632073032,-7.750511706155277,38.17234186822032
-6.111245496832327,0.34552361400481424,31.715571171744557
-1.8533415827744448,0.45005047538830034,24.096690994379472
-0.6696677420824376,-0.2623138547836129,18.444537196570206
-0.6416554550449388,-0.9128576994640427,14.158065907772105
-1.2089028148338825,-2.137094737566321,10.962905276703403
-2.774858769240828,-5.209064668002959,9.01675748376733
-6.7609840529524545,-12.699869281646079,10.581991802466819
-14.38781853262882,-21.989046003016238,25.58344991332965
-14.873023250175173,-6.648167260407612,42.39566368374606
-4.604812493000939,4.093503557930759,32.623814047298865
0.9508069298459089,4.071868812593408,24.526140842464812
3.164208768038498,5.042293708964357,19.650374519353296
5.487014755086608,8.516045183140093,17.599417146707022
9.433347101153435,14.098613812839279,21.047021441040705
13.125999678645204,14.405634088383794,31.732547508764547
10.594759885045459,5.181752051099658,35.042628380167876
5.390301622772602,1.3985313528001804,28.728227604161187
3.032356739363225,2.104071114017294,22.543848572512264
3.115382224605687,4.0983671789481235,18.04876299204858
5.020835069226355,7.958001987636154,15.922430015440543
9.16802347246351,14.395701586490592,19.259115993592392
13.721093616002207,15.824159158225436,31.67735317678055
11.133048833458743,4.825776882110091,36.377146369257325
4.995269757284317,0.28837609110293944,29.20199226817182
2.146079033419236,0.846144021780191,22.48132831603003
1.7851714093399198,2.175839149376828,17.454932963335995
2.8299086747921076,4.603830862732955,14.028785569120092
5.686727667402287,9.871804647854901,13.399183102000022
11.347511315294918,17.94213262711157,21.07074735077502
15.045421277585266,13.311343232736252,37.52955054142764
8.494925288919628,0.13004484449717374,35.27979572381909
2.2638939369736293,-1.5618999298625786,26.543628544620244
0.03834399159538031,-1.1025047335661542,20.223349758049714
-0.7504749367496153,-1.4172847611079287,15.534271538417382
-1.6287801587085993,-2.8704936430495755,12.1166024842202
-3.628437259454963,-6.660163215483149,10.347452830026835
-8.360740794515547,-15.032096553292504,13.610438972078015
-15.454395717359628,-20.270628340468626,31.32792638171994
-12.511210927838926,-2.9206881008855032,40.36526536304154
-3.341429909798928,3.3760557617891007,30.23315708937811
0.8197949370373279,3.1471261570775533,22.917055905740703
2.5752588942933623,4.2063077413297085,18.121012304527937
4.736405567912791,7.690979171849963,15.758183663107932
8.852403917398577,14.08913640871382,18.64119229284715
13.667238667665327,16.320671333062347,30.95964878176061
11.521465440834286,5.302155629073666,36.752789006191485
5.191367313217826,0.18370035030455442,29.65472518404018
2.103393705705057,0.6319453374881927,22.780955492518626
1.5979845810140685,1.8451170699237074,17.628199095996138
2.4508926268307945,3.960578762129813,13.995644495063472
4.932002836688186,8.631867745724485,12.711815029464056
10.228041197629649,16.92289641266072,18.42252864969235
15.320792388537352,15.996260415093401,35.659223561689465
9.937158927110865,1.1198405661691422,37.006487027082066
2.7893936173316183,-1.9116372265149784,27.86575433170683
-0.012079295556592345,-1.4857021133922415,21.17833282989547
-1.0372745864407553,-1.904056219480098,16.308076833732446
-2.1694718010568526,-3.756928425884416,12.88005588916045
-4.678382440348868,-8.406123515056649,11.64861501953102
-10.129352251991707,-17.188689527716345,17.387446158489617
-15.73337343497731,-16.751354499295633,35.96099697957668
-10.05121468089847,-0.5562130643398765,37.60519418393937
-2.403128778946778,2.589957793775545,28.02431200467669
0.6133883298299714,2.296387902114503,21.340778960717333
1.9506239219748112,3.279322577287312,16.668326791393554
3.802094089698335,6.426855780788755,13.965734168758592
7.706685500007664,13.056457141768927,15.604482595227275
13.619906313645338,18.474898600247453,28.0813778876839
13.119159820851493,6.900423752526367,38.67482234833843
5.607971074042707,-0.9139092499946105,31.404759439939458
1.3877700144915996,-0.8768204367922641,23.760976544758996
0.15132775186986808,-0.4199560556591281,18.16357108024259
-0.19979015719456042,-0.4518185018085798,13.914086369037761
-0.5069066062490286,-0.9303329447892462,10.678190510035424
-1.2016458781015176,-2.281887794233426,8.294744909201764
-3.0471393455369853,-5.956467639468328,7.092469109747146
-7.867923622683895,-15.034367031055405,10.381974068960583
-16.236945616862215,-22.776583168520236,30.632332360994752
-13.237497887025567,-1.7117843891201212,42.47768314502918
-2.3629144623966307,5.389107454952617,30.793985924922772
2.4238740043133817,5.185241919042037,23.827944237927237
4.675190789689385,6.9122321044655965,20.155780631125918
7.47885631435023,10.943853809735122,20.21632611234801
11.148634592733536,14.338316457961945,26.382566219019793
11.985871201723258,9.926961835192502,33.66710131855595
8.146322964064245,3.741948571680744,31.577754858009072
4.828733580570668,2.8484226811568187,25.808432094286434
4.09253768465257,4.468302104611538,21.088989395009975
5.440330231065391,7.762561032055054,18.63773289787215
8.72224849359022,12.811188689764602,20.745527634015996
12.40520157617573,14.539008387643872,29.64093336768634
11.22881244961554,7.021523488907349,34.720953785644596
6.45716810061945,2.2930595122904793,29.783992763814222
3.7992395904175384,2.586463284347092,23.748598388209977
3.7048645979607295,4.608324861935999,19.296408160676098
5.569150505612911,8.454749581773937,17.37748391938704
9.490288003480021,14.20319498319258,20.955721169507378
13.216329114374691,14.46426408790057,31.88660022967169
10.574453069251582,5.02583938221006,35.1309749208856
5.289502068450729,1.2698792853926009,28.67967708347965
2.9218637272462984,1.9871307368778908,22.452310031204707
2.9856180078469947,3.9331001526444793,17.91284673494529
4.838577257588323,7.710685057496179,15.666434409639713
8.947840089467967,14.212175667978636,18.71027609571614
13.734466524007896,16.262429558946213,31.204423457312306
11.427238016242566,5.099511041061819,36.72841173312943
5.087679279505126,0.13034858928823506,29.52833627567588
2.0470263319328463,0.608355131169462,22.673326330768948
1.5573044174709507,1.8053873173464834,17.536591941824547
2.39986430543328,3.888446649710282,13.904982471510035
4.84955833522836,8.509559670749438,12.575176458250217
10.120885050194614,16.837842504773903,18.12543852367418
15.358215024836108,16.274084019339,35.476384446470135
10.078036752003612,1.1869291052663018,37.20306652672263
2.81250549189637,-1.9945196426609046,27.998382406098205
-0.061273566910604635,-1.5831840150390826,21.27451736777826
-1.1326652003051554,-2.0530795529513504,16.39953807696517
-2.343737326528304,-4.04476733811476,13.015379441239974
-5.018911988496659,-8.967724440927988,12.024094709997797
-10.658031319074373,-17.724923690229783,18.627842079154856
-15.645869721812005,-15.482937332156792,36.97296105980637
-9.35689505910677,-0.08373703194872498,36.760804725284224
-2.17441758095561,2.3782272524570134,27.41257590397337
0.557548106247897,2.0808279711971296,20.894558596321403
1.7847490216940092,3.0245231414271085,16.273253573637046
3.5330678372929456,6.032702254427694,13.496888140430762
7.3125953394618834,12.586681129160205,14.739268574794163
13.441703659218556,18.943636119964207,26.86403888502586
13.650423135391053,7.7139164191528415,39.13149483090369
5.869322259942398,-1.1628355183815535,32.04417767251056
1.2526283407460228,-1.2809488886961045,24.155064083662516
-0.19942483944041636,-0.9794670555214712,18.46499194888519
-0.8392250841749078,-1.5060270836658445,14.201316731263203
-1.8151753609279335,-3.256032093180772,11.146520114017395
-4.166538271307638,-7.743230936680391,9.93928969615238
-9.639310127764784,-17.083527369705592,15.192545565794354
-16.273739069477806,-18.590180677328036,35.512520052115704
-10.668097954624951,-0.12583320460117553,38.95397086378955
-2.0298245464038738,3.6519007295736383,28.642809845574856
1.4539133068607795,3.4963914315072815,21.960166446348072
3.2193925324635617,5.106679041468907,17.708884830834407
5.82590906077331,9.380921050230873,16.40646843917723
10.417465864264416,15.650112700573297,21.787164922346257
13.79476977598237,13.578405119715255,34.28974955433032
9.551168415648931,3.037526648468405,34.84300968213994
4.141679480546066,0.4915852093112507,27.422107085782137
2.120592088485796,1.4069934168404725,21.211199821567664
2.237952069652402,3.0830937325936154,16.646007202464947
3.8655383532192724,6.4171872132699574,13.982830647321787
7.742255067553786,13.085131240847584,15.662583967635447
13.633404910085222,18.438208721339073,28.167477379848926
13.080624320844212,6.8423579462107424,38.64069409784312
5.588657028539694,-0.8973190925980364,31.35816711376733
1.3964628457848776,-0.8489886003970532,23.731837789484565
0.1754195523937392,-0.3809444944103806,18.142086911956124
-0.15508998736143145,-0.377486540878378,13.896246487927282
-0.41411103521384635,-0.763795492994462,10.657542126205282
-0.9853396032830075,-1.8729332239554433,8.240915205607186
-2.5063762172969586,-4.914269857470876,6.811781176940423
-6.579967180868799,-12.810645119826617,8.663189300561152
-14.886573587089588,-23.430722658153535,25.188789455784995
-15.293276763628644,-5.709513229034342,43.86663639867936
-3.8410664656138933,5.4824034503462915,32.7222960882493
2.026556742216195,5.32704380512961,24.919562715143353
4.460568465598118,6.6206841371019465,20.832101291944195
7.060114469073219,10.252650355540727,20.22506694635156
10.597359781138358,13.957396544581954,25.286108148814073
12.063527968450812,10.914261495940016,32.864771504579636
8.799329066158247,4.499452870958982,32.13178395678098
5.29966872543922,3.001652788135307,26.641258164625448
4.269528661827222,4.390125236147661,21.83012113334231
5.375599058068978,7.44819525776317,19.14566964529613
8.387621619875398,12.218152384459763,20.649983776809805
12.030223065177994,14.483502459957448,28.673360996794802
11.465251067609302,7.8903402509980864,34.434698766323294
6.967581076765506,2.7525926376264493,30.283770336848406
4.154367752692152,2.764341312813009,24.35200259118787
3.92116723318376,4.721084219188746,19.88920312132465
5.686330006449779,8.45516931849154,17.947880962038486
9.42949008076373,13.896100149109545,21.316319922136
12.954587717241798,14.17863167729268,31.528729422823957
10.563378187000634,5.410844545229168,34.78228090874379
5.558127806314532,1.6790646623026921,28.735148293606994
3.2652564684526086,2.382938521686118,22.676568214166224
3.4134063226939166,4.490967767905597,18.31360222124864
5.446664134901008,8.532806803273585,16.502924153554837
9.660845456046458,14.757113967918263,20.532332262980194
13.632826265070705,14.769908243476129,32.62586951403424
10.475280550548757,4.280618568295383,35.556515167605056
4.805183516392572,0.6457546877950786,28.474255491544508
2.375335319294779,1.3847310920573621,22.057963092708928
2.308517896280189,3.0290498467415636,17.313939659511682
3.8130170995132966,6.218661878267437,14.463239127496875
7.486204449009618,12.571752265434368,15.714815931954409
13.239713525054785,18.229831753840593,27.226285448170977
13.310490671824335,7.793403725869307,38.36781454586018
6.0854008780054425,-0.5042671774499458,31.814152972043786
1.7389399290440621,-0.6226267022702245,24.126686144288875
0.4938300847738376,0.0071327994446342795,18.4517038532265
0.33911350055385997,0.4178369376469442,14.13953139234184
0.5903644485076427,1.0336998269389086,10.858076526947949
1.3542719237926248,2.557202705730187,8.463920734648374
3.406542528061875,6.630111875729663,7.4077645092639655
8.65774551875759,16.28781032375288,11.690675129433508
16.739792138058665,21.63580330404808,33.51862694101102
11.996013509499777,0.06833159795211396,41.279994044676215
1.7215187169089143,-5.198639043655652,29.81850569917441
-2.541228479124184,-5.064518653980187,23.215177975466943
-4.723976800647291,-7.0162200040998695,19.71752402370371
-7.65148552585809,-11.285169580298083,20.09449623640069
-11.430813873835504,-14.579640781663349,26.871684959501625
-11.975643161605271,-9.460023197480544,34.09131375011604
-7.826803788710488,-3.329626065023108,31.359136856225124
-4.55194764564405,-2.6812343703176764,25.416141712950072
-3.9168112136273567,-4.376149596004419,20.677286956230198
-5.341398054501129,-7.746856673627616,18.230109262100807
-8.743050149538718,-12.997404992620666,20.451271209570375
-12.586007373238301,-14.796307167996442,29.819318342864822
-11.28555522665912,-6.803069251741825,35.02984357417716
-6.286153767505319,-1.9883432878910983,29.77749828733613
-3.561865371473507,-2.3179291511572386,23.588402604710186
-3.427534437898831,-4.2717824214384565,19.007612627439425
-5.213086750933089,-8.013869881651983,16.828767297007495
-9.129731784172893,-14.004358268561708,19.92784960437826
-13.331409647376976,-15.292063578619835,31.245934372116313
-11.070975255220858,-5.386049234394801,35.80186961830183
-5.391391507965958,-0.9247543493133009,29.239490497471976
-2.6784890611803527,-1.483903631204435,22.728114429820764
-2.4908791847933807,-3.155981292999927,17.892695551993647
-3.9699911332365994,-6.363873983516136,15.010159072258425
-7.602451038774211,-12.586485520463652,16.294155828292684
-13.135814571357317,-17.81332981250702,27.482566391257606
-13.092840072463444,-7.779792539708469,37.92892673902327
-6.180499253282875,0.13653544747464663,31.64215004424702
-2.0083640422490423,0.2405246696844071,24.0996622405395
-0.8898009187160351,-0.5745013715767,18.473358592443397
-1.0138080832210805,-1.5181885459908582,14.230532140604323
-1.961840054179494,-3.4691940565722126,11.213211075103285
-4.45171453505738,-8.240016791507669,10.189820777855866
-10.154885701866602,-17.731660473342124,16.247530937216556
-16.31489134634603,-17.451571090840538,36.76695932359284
-9.958328603210942,0.47927241166900136,38.159170984586815
-1.7437906781334498,3.507929324274237,28.06897089111511
1.4745162349496357,3.391322858120056,21.556893972105872
3.188801695556712,5.0772194325778965,17.38093640836289
5.830672188963385,9.455782388170698,16.15480044457105
10.524165333224763,15.870744437490519,21.77634563609284
13.90794565055185,13.530154002897927,34.61322021347502
9.439986197693477,2.7525343630740218,34.87165587263544
3.9627539480401657,0.31352153554886086,27.300052712309885
1.9438713709376512,1.2156720883980967,21.063385757442074
2.011427247499285,2.7654300974315733,16.453624429517827
3.4928506531395485,5.837422791516695,13.607410284012447
7.127161841233582,12.25659846456606,14.601908721657818
13.213561476319686,18.895704235852804,26.18423906241099
13.850975282583047,8.341167979328798,39.05918397563763
6.158775170909001,-1.0268522099512234,32.38846560716808
1.3838234565221519,-1.2634535462244882,24.41002973637145
-0.1254329520970446,-0.9154638879488697,18.65248199961192
-0.7409445616270233,-1.3499629057054399,14.331699687710689
-1.6139904134576284,-2.894008006542598,11.190150249145988
-3.707209854075396,-6.906234515164572,9.68013016265047
-8.72093577928352,-15.777260362497861,13.587575785525676
-15.938541337864958,-20.226127575977227,32.797166361866196
-11.986479511918226,-1.6413432907838374,40.26145494926317
-2.698588417612626,3.8035806542244335,29.741123182027902
1.308196429653166,3.5976766030753224,22.688732379310846
3.156021324335316,5.004181653482557,18.235481348706774
5.6441976914965535,9.010638377095733,16.641944356878415
10.036863827469432,15.14871174450559,21.29645744851671
13.657626990194263,14.094176561918903,33.42121833719102
9.9941439047759,3.722317805510931,35.10558064689851
4.531298743776931,0.6853258216634525,27.924499351362595
2.351407474537753,1.5406607461232424,21.657882017617222
2.431197671313104,3.2895157112423727,17.059966572276167
4.107635273660032,6.735954996907078,14.462048843166738
8.04726249883146,13.388232495416439,16.44735629531268
13.686041217323732,17.924767254943816,29.008675644418986
12.654135072912469,6.35836959029351,38.15788591917914
5.462472232333731,-0.6087953745066361,30.886489887614175
1.579655580078787,-0.4536954423268194,23.460554676987012
0.5476615435463033,0.19781106705268173,17.957117436344046
0.5213041657591176,0.7475394641961325,13.774079546780218
0.995838950564204,1.7738884680820104,10.63045847575008
2.3156955087221047,4.378868116218412,8.573102519415325
5.757206844788934,11.00191107719395,9.220059009060241
13.132530688176839,21.69922937009533,21.3508625589768
16.224326433436275,10.442878964060787,42.522078499989604
5.993367044547921,-4.0722386365656895,34.542294713314796
-0.6719575037115774,-4.462986273581796,25.676558966899293
-3.2144724224271894,-5.173792879784249,20.55478994208323
-5.4838296765768675,-8.346187500675857,18.304198706066916
-9.174894917207222,-13.533770686658084,21.196472186886535
-12.75237197591385,-14.28039280099646,30.903243708821357
-10.776234516339384,-5.955157131917734,34.74056671475126
-5.870796543640929,-1.922333672309057,29.065392626230583
-3.4810199148297545,-2.5123592039861027,23.037891136237594
-3.5743215137049167,-4.624092818330362,18.68144321037041
-5.5870239650807365,-8.6447130816812,16.918696461272667
-9.71848265595566,-14.65031217405204,20.967272709511583
-13.469006394858129,-14.424610969147503,32.58162664675956
-10.360380096880121,-4.406651137152151,35.23377183741297
-4.919489513516767,-0.9265202683255821,28.371667331305876
-2.605674493168339,-1.7076162252163518,22.08343733571401
-2.654936656711305,-3.53370651656898,17.477287643907278
-4.389407008959876,-7.104158132655406,14.983342267730528
-8.391127805802807,-13.706902211030936,17.340209683038026
-13.712813017185931,-17.297127928180576,29.888590722916096
-12.177248645802996,-5.8655283722578355,37.59390953355302
-5.331566467944164,0.2882031486421766,30.36320086756789
-1.7864385962152811,0.011408930242182647,23.163741927942933
-0.969704097729575,-0.8594286303018303,17.784358645198783
-1.2967728161424954,-2.042890145908408,13.757644810859325
-2.610016162609255,-4.656734121182431,11.092173723467287
-5.923124698338672,-10.84352661237968,11.338030269458885
-12.600385242364455,-20.162734243356848,21.959008231966685
-15.584710089023105,-11.16360684865801,40.56745338935244
-6.835309269669209,2.3517380198817173,34.502967215979375
-0.5574523396106951,3.0657973159843235,25.61978853088946
1.7295041477058593,3.281210802364446,19.84107280404872
3.3938035044276655,5.474814199190751,16.170920502353177
6.412992358776858,10.58227719432112,15.807708524843079
11.59146712481752,17.04641227722089,23.5805194467347
13.954205969424006,11.57304382118115,36.57361395771282
8.138600458643198,1.2259906070002444,33.80364616427666
3.02932502612837,-0.06204130564695512,25.986070412885322
1.395810416012934,0.8557033937292812,19.959915214931222
1.4859019484011402,2.1155901888968374,15.462058677615403
2.705884231956771,4.646491846113842,12.442895356314475
5.823355473820438,10.414510416163003,12.294241747223104
12.035478828795007,19.154977121314985,21.550272705210133
15.372195826927255,12.203185189367959,39.24544514766729
7.5943268237579975,-1.2610301610553751,34.86255137719682
1.3320531451897097,-2.362775047170899,25.97139716031427
-0.9014840219154865,-2.2407138581774526,19.894887321400187
-2.148544373690592,-3.581165045987876,15.62829982336135
-4.258265407185776,-7.3029129526393195,13.46675699232514
-8.721492361439077,-14.662819926922019,16.609789621457242
-14.50039632509613,-17.925137345368906,31.37654164429697
-11.895516732491112,-4.222040475461792,38.29752465131145
-4.363564143519224,1.3595006784662083,29.823510008201488
-0.8329378146313371,0.9904540014812164,22.590872711080742
0.20513030998542484,0.7787071814198707,17.28768574045932
0.7145399733865346,1.2867390498350937,13.283435352902133
1.581314477765793,2.8813393660352977,10.377604154901821
3.73281605605644,7.044138356225766,9.069074081751136
8.95257508551962,16.30967373824993,13.438001734618625
16.30088934228433,20.24218087640153,33.81651132661319
11.627743712222316,0.7217699601604874,40.22473347781199
2.2136633188152177,-4.184954857246714,29.45436292778578
-1.725496334217839,-4.023253328898939,22.61757162513148
-3.6711495273652504,-5.702539007240395,18.48553114539576
-6.399442843753881,-10.020403629307227,17.609510871743154
-10.81039224431964,-15.469957357994003,23.522861382315874
-13.258554953406337,-12.152429808336397,34.42324670761115
-8.954243157849419,-3.1077643864046296,33.6820554887549
-4.2785933043824675,-1.2381443309738287,26.767510500477897
-2.719337841908031,-2.3877186528392746,20.984304380200225
-3.2797020713788303,-4.690137074712857,16.955802023645564
-5.681367109574279,-9.217003090303413,15.670113693296557
-10.406776906816644,-15.938632209727922,21.159988681455033
-14.104546931367867,-14.024521278311921,34.593538569023195
-9.626312982499337,-2.6691484854856924,35.27646675434982
-3.876979201076157,-0.01686810949271768,27.496381484311907
-1.7014559603904316,-0.8414806482166757,21.130956864505585
-1.6047398151201528,-2.135373007320556,16.38283227372753
-2.747446511646116,-4.608164873268985,13.168367788089695
-5.736002468748279,-10.126035802073675,12.776028402640188
-11.685459894316825,-18.576222731905816,21.22976079527385
-15.252945660213422,-12.829632505340221,38.43863774509611
-8.053683773741373,0.6172108146036236,35.116782680774925
-1.7707686229988138,2.0039721044383296,26.25476024075741
0.4669743706504176,1.7149878858214587,20.04212065427756
1.5011316094568843,2.579692079490696,15.540565393056685
3.0548163535034343,5.308275915844833,12.671620302177473
6.5546751593440575,11.58548560606581,13.21890812792783
12.918455025895915,19.479515924122772,24.285149799627163
14.634275057463338,9.639453347069532,39.698847486207356
6.522400014881544,-1.5141316928161885,33.368314781308065
1.0898503069030083,-1.9964497715434484,24.981153631923796
-0.7691723767665929,-1.8988007069418746,19.138662316999717
-1.8553375728909796,-3.1368756025875255,14.948464069977842
-3.7774655351200512,-6.590856418955807,12.622168390008184
-8.03332518951811,-13.910473535017246,14.970062506384176
-14.3726887817033,-19.14308425406622,29.497220118647846
-12.854166839965995,-5.2536039967888835,39.38189638859327
-4.679426333853915,1.8735508480161511,30.814376544402062
-0.5483790121017829,1.67148944894296,23.237459140650362
0.8279747332907933,1.7557170904319,17.83798264166607
1.8445740693369703,3.150960119504265,13.946685307116333
3.8655268645650267,6.862059019917427,11.90421602221912
8.416815619162113,14.686630292246706,14.925795655522966
14.912144575341685,19.244114400831332,30.97494243270931
12.387322183545864,3.8704818683398816,39.4796310591545
3.9776945941287614,-2.3744009426006403,30.212185154036494
0.034424118254593954,-2.099695067470583,22.816318260199296
-1.4038565275734907,-2.5454875484790715,17.634627597898533
-2.8202066473549943,-4.747103914656671,14.169860165572306
-5.765134036772057,-10.000052506784366,13.585165279755472
-11.429243535724304,-17.949130781490382,21.388564221930093
-14.956123700870842,-13.038353356586125,37.566626799309944
-8.390477228347585,-0.1461186044402124,35.0930495138508
-2.278804007112823,1.4572134746430772,26.4336559822873
-0.11747342148956211,0.9723313987596045,20.142574555329855
0.6099844286300289,1.1941334631668987,15.455929978003018
1.3583419205248286,2.405379115534202,11.990044769561724
3.049561836711057,5.629424132404302,9.936237913358525
7.186342765929648,13.229583765882055,11.786116664656209
14.563149965869684,21.347727213439757,27.120253003036176
14.204441118915598,5.846655074474315,41.611260383341516
4.46009825946109,-3.5583265710543652,31.980301364813517
-0.6353065478476162,-3.4832460767479474,24.054062558747265
-2.644833919214922,-4.343072425794675,19.021968451500697
-4.77385301155582,-7.608671205523039,16.488620068514773
-8.677376553432742,-13.616783407909924,18.963823403098
-13.292152523917512,-16.03769962897594,30.264358979484452
-11.631448208631245,-6.035512813796817,36.37889246170281
-5.6421463880218345,-0.7103579285207196,29.911371445452897
-2.5541267157378607,-1.081069448715694,23.13937997637447
-2.1210293880670723,-2.5328730626925506,18.059071930421858
-3.266659811593876,-5.218132065184135,14.713320437164542
-6.35663303199675,-10.78921971871377,14.602991691168766
-11.988059994231778,-17.98930745445231,23.397165218216607
-14.385683194806086,-11.285781538321551,37.79805602865196
-7.686652635425567,-0.14407990397110845,33.91631157772088
-2.2881626431366797,0.9002560668699556,25.693466203276735
-0.5173050233468958,0.2693905602630079,19.61474836712384
-0.14215519703433294,-0.02409669372889988,15.02054641534146
-0.1284551012837682,-0.1919038225474135,11.505821554969158
-0.26478554374271107,-0.4910919003371892,8.818269821025394
-0.6573397962870983,-1.2828958576496603,6.78858597209661
-1.7532274278332591,-3.5161350101197577,5.442515843171453
-4.842887069415397,-9.751424346456991,6.018161196389102
-12.428873614648472,-22.308564596397794,17.1269701095344
-17.768973936333374,-13.307687391271331,43.84209795361402
-6.435588030006902,5.682009716231013,36.26497820643023
1.629416544879143,6.197999730267955,26.91589881056796
4.635712186820731,6.854498740780493,22.515378110493778
6.998203379896363,9.710328182336502,21.486071410159646
9.958482433817245,12.809819276869895,25.128501933661934
11.478070163085333,11.082917684459236,31.30689469275522
9.23489853795265,5.836437907978364,31.720531160674405
6.199122954268897,3.9962998718382856,27.338310640781028
5.116997409171847,5.114916232590032,23.043554182925305
6.071033489939293,7.935147273519223,20.76427612765727
8.69542920658848,11.884259255509917,22.402874517594306
11.477947570355944,13.0777617359548,28.940604880979606
10.757881727830595,7.850172973281887,32.961463414074316
7.21434933675188,3.8997644219663394,29.5716348820533
5.018635113770822,4.0145451131085474,24.56878120610117
5.089215562188147,6.160296175349149,20.9631517755862
7.079960307126312,9.946675703349047,20.3155812268956
10.41620931226789,13.708010125930764,25.003863608261128
12.007854892137757,11.155428211351454,32.466900497771306
9.007121425858626,4.846514674443912,32.209329614798946
5.518996480132462,3.1518054075564415,26.920384833883595
4.409380108901633,4.454369265184148,22.14070613794478
5.443884815386124,7.440994439731909,19.446848200242314
8.358092544523872,12.064183622146327,20.84626566709461
11.888444251510801,14.294894527242668,28.51930760984633
11.423224710820053,8.062312869353242,34.187583943479105
7.104234032770099,2.991157895658154,30.30356416358984
4.332036952042855,2.94789428056235,24.502398351665054
4.104503071765645,4.916893454093508,20.128113023943047
5.8852578110226625,8.661339323222283,18.329308077618837
9.575543174272319,13.889415532109918,21.869694617264102
12.825955936979037,13.731194549973353,31.70041484501932
10.335634526350386,5.341577309491231,34.39233886496461
5.572703039441437,1.9287634816873152,28.4854670647127
3.4568462983896495,2.708731314784332,22.61202481589692
3.7388513637719005,4.967423611077083,18.46260805389437
5.952138833223313,9.232143840356162,17.106333323679006
10.234223838173788,15.12188641804614,22.025094852178544
13.467022285459025,13.48285753785387,33.5763646643531
9.717892924478907,3.6984942870742183,34.60426688634136
4.569974258503862,1.0003567752456863,27.62802216295393
2.596878917173909,1.950542344209005,21.549260774667015
2.8600760983283475,3.9481618098296116,17.168015898911413
4.8543942690246595,7.895605993755823,15.10406777458381
9.19224787449996,14.72693552722578,18.638787147659748
14.064952224749701,16.30654215004369,32.051848899321854
11.181179851426073,4.312174119579132,36.873625077897785
4.6388276612862835,-0.27569944477883834,29.174000193857566
1.6662614646617775,0.2610432661917225,22.307937863994248
1.1271983651742326,1.232807569788846,17.166472702289617
1.7030512657012618,2.7745979946981794,13.385339698467488
3.5165762712169166,6.29535367496585,11.259369876540111
7.852333510609129,13.990205095131111,13.651824418106456
14.72624429094542,20.15824072311657,29.261815264295027
13.194997155722874,4.825381096713233,40.34787986674096
4.277218989160214,-2.759180474999815,31.01786933657169
-0.1485762434494146,-2.5821357724830487,23.36808794693123
-1.8158346304583497,-3.1689176898018454,18.17177569319008
-3.50400417439763,-5.789495088375808,14.945391581768206
-6.892790447422864,-11.590417661798964,15.381271397121154
-12.519903735165059,-18.000261689669536,25.23419870970803
-13.841644537381185,-9.67797816218294,37.96276979793893
-7.000907303366224,-0.01991667882808834,32.87422813736001
-2.182370421161974,0.5549493596149498,24.977253781800126
-0.7269618967217412,-0.17118944140888337,19.105367077474973
-0.6002427848456866,-0.7954311742899395,14.658658812208627
-1.0735306948231866,-1.8714282171396939,11.321228562181817
-2.426514116803897,-4.533928285960491,9.145868170354287
-5.910704308948439,-11.178255800190684,9.810274603331136
-13.190148076487331,-21.46732100667744,21.986220048806626
-15.954176325839821,-10.112628501345252,42.180085206239895
-5.9835615545689995,3.745204749976008,34.28775399200083
0.4615747049613471,4.126992112309939,25.494595319466292
2.908850770157559,4.7814894403413515,20.247494084684938
5.085890886272613,7.86068636427182,17.70472539087739
8.777910341234326,13.30999428879383,20.091623757102028
12.84961683998401,15.129632660704953,30.15376327830736
11.323253081334004,6.421480827544361,35.43998859203689
6.010626236529275,1.5548918313836833,29.715028818198082
3.2175791176045263,1.9438708775174849,23.338283344311378
3.029625955413243,3.7818603983518524,18.60193741247211
4.679855129648898,7.315293989008923,16.070742872474273
8.510654672318616,13.504010729978587,18.37942148035462
13.352896011155224,16.46948340604065,29.890931834569578
11.897012558760906,6.21047819924066,36.763305493268426
5.662866245085337,0.4631032624985276,30.19401538482534
2.3766365622431485,0.7607331644012336,23.25836822464607
1.8025986489098538,2.048759849706197,18.044396644454853
2.7087990963768673,4.3238320248917255,14.424779772285943
5.343196305564306,9.231885449885182,13.393479405283445
10.733482510817518,17.264768965807775,19.88987971081916
15.083065958527007,14.631197866131648,36.39773153179149
9.28087583776159,0.8666733198724658,36.05840131370697
2.702338757354464,-1.5036717719057344,27.23643229754234
0.24155146807561928,-0.9970898435315014,20.725799663041727
-0.5477401957243255,-1.130237589441273,15.894706067171443
-1.2513137212986483,-2.209058845809153,12.303467445352206
-2.786994024853963,-5.1257542650825325,10.05299528647738
-6.565145182225138,-12.152127347578203,11.180715549147076
-13.800127600913234,-21.25350007985993,24.623871410285314
-15.025713365764869,-8.060878010663927,41.71318857217216
-5.35383798578353,3.3576142202877954,33.08834298589625
0.313548193712609,3.5022081267835716,24.731114915574786
2.4646310665477014,4.149539258153817,19.45425810949584
4.481995828034365,7.1214199783506205,16.59623549457902
8.159710846200824,12.91624517108103,18.302184916205157
12.959219433238612,16.428322224216593,28.82791901504588
12.198736925599933,7.186683261766148,36.57639908254639
6.189809922346298,0.8656864068697058,30.72469758979918
2.7268483521624796,0.9645264278129738,23.778304398743316
2.0857278840021305,2.341546975696705,18.525158485893503
3.069381906785632,4.8277743313174835,14.966320096674915
5.901574545701524,10.016625264737682,14.335692776189232
11.33838860135113,17.5082565942874,21.83234552901537
14.645432795828782,12.871813196939557,36.98969736355861
8.505240264157136,0.7005962092608998,34.85711675707335
2.650421022735068,-0.9599396394468301,26.45863679507406
0.6090999585538489,-0.3202129649108558,20.181780097634967
0.15740567760975538,0.005370432932886313,15.453391577520899
0.12413874364225506,0.17501798735571802,11.837187653391927
0.24578242006876388,0.4518088532726555,9.071293835264017
0.6036787799854033,1.1736311883113153,6.977023378870588
1.600527347692164,3.2027646175422526,5.546509784351606
4.4134061108425024,8.898780986638332,5.783986868371288
11.528020298493496,21.192340047022448,15.137182823347125
18.06540835480217,15.946718957537522,42.47250679835954
7.583228177856021,-5.145135697935858,37.51616056214433
-1.1786022051939926,-6.234239566423162,27.49876542525803
-4.4201395990625585,-6.68360082907325,22.77785638013239
-6.743456318996341,-9.376905323750137,21.389240422483727
-9.68829240928322,-12.64993543362536,24.566672157540996
-11.50388889895181,-11.531500812739814,30.876556741083803
-9.552380896857665,-6.224367350091591,31.998668365846285
-6.408561340984214,-3.9953702881744637,27.791873749285497
-5.116014889710788,-4.9204613386499565,23.374135261904453
-5.8932815276918245,-7.594074174734343,20.830771604861734
-8.391525320409194,-11.529333851223084,21.994747986331078
